lora模块参数配置
id1: 0x0002
id2: 0x0003
信道：0x1e
空中速度：9.6k

设置时间：00 02 1e 00 00 00 00 00 00 00 02 00 00 00 00 00 00 00 03 01 18 11 00 10 F3 00 20 11 F4 00 16 15 F5 00 48 00 F6 00 01 10 97 5D A3 08

读温湿度：00 02 1e 00 00 00 00 00 00 00 02 00 00 00 00 00 00 00 03 01 17 10 01 28 1C 3F 90 8F

读电量：00 02 1e 00 00 00 00 00 00 00 02 00 00 00 00 00 00 00 03 01 17 F0 06 04 1E 24 90 8F

功能码错误：00 02 1e 00 00 00 00 00 00 00 02 00 00 00 00 00 00 00 03 01 15 F0 06 04 1F 9C 90 8F 

起始地址错误：00 02 1e 00 00 00 00 00 00 00 02 00 00 00 00 00 00 00 03 01 17 F0 0F 04 18 74 90 8F 

数据长度错误：00 02 1e 00 00 00 00 00 00 00 02 00 00 00 00 00 00 00 03 01 17 F0 06 45 DE 14 90 8F