lora模块参数配置
id1: 0x0002
id2: 0x0003
信道：0x1e
空中速度：9.6k

设置时间：00 02 1e 00 00 00 00 00 00 00 02 00 00 00 00 00 00 00 03 01 18 11 00 10 F3 00 20 11 F4 00 16 15 F5 00 48 00 F6 00 01 10 97 5D A3 08

读温湿度：00 02 1e 00 00 00 00 00 00 00 02 00 00 00 00 00 00 00 03 01 17 10 01 28 1C 3F 90 8F

读电量：00 02 1e 00 00 00 00 00 00 00 02 00 00 00 00 00 00 00 03 01 17 F0 06 04 1E 24 90 8F

功能码错误：00 02 1e 00 00 00 00 00 00 00 02 00 00 00 00 00 00 00 03 01 15 F0 06 04 1F 9C 90 8F 

起始地址错误：00 02 1e 00 00 00 00 00 00 00 02 00 00 00 00 00 00 00 03 01 17 F0 0F 04 18 74 90 8F 

数据长度错误：00 02 1e 00 00 00 00 00 00 00 02 00 00 00 00 00 00 00 03 01 17 F0 06 45 DE 14 90 8F

增加终端地址：00 02 1e 00 00 00 00 00 00 00 02 00 00 00 00 00 00 00 03 FD 18 46 10 10 F7 00 01 00 F7 00 02 00 F7 00 03 00 F7 00 04 01 3A 36 A3 08 
删除终端地址：00 02 1e 00 00 00 00 00 00 00 02 00 00 00 00 00 00 00 03 FD 18 46 11 10 F7 00 01 00 F7 00 02 00 F7 00 03 00 F7 00 04 01 6B CA   

数据帧：00 02 1e 00 00 00 00 00 00 00 02 00 00 00 00 00 00 00 03 01 17 10 01 28 01 81 00 1E 02 81 00 28 01 81 00 1F 02 81 00 29 01 81 00 20 02 81 00 2A 01 81 00 21 02 81 00 2B 01 81 00 22 02 81 00 2C A1 29 7D DC

数据帧：00 02 1e 00 00 00 00 00 00 00 02 00 00 00 00 00 00 00 03 01 17 10 01 28 01 81 00 2E 02 81 00 28 01 81 00 2F 02 81 00 29 01 81 00 20 02 81 00 2A 01 81 00 21 02 81 00 3B 01 81 00 22 02 81 00 3C 09 03 7D DC
 
写0x4002:00 02 1e 00 00 00 00 00 00 00 02 00 00 00 00 00 00 00 03 01 30 40 02 04 03 00 00 01 74 16 1C EB 
 
读0x4001:00 02 1e 00 00 00 00 00 00 00 02 00 00 00 00 00 00 00 03 01 30 40 01 04 17 47 90 8F

写0x4003：00 02 1e 00 00 00 00 00 00 00 02 00 00 00 00 00 00 00 03 01 30 40 03 04 03 00 00 05 74 04 1C EB  