UNITS=MM
#
#Component attribute names
#
@0 .comp_mount_type
@1 .comp_height

# CMP 0
CMP 1 67.292601 102.88160018 180 N U15 LB1020B ;0=1,1=0.0000
TOP 0 66.66660022 87.87961342 180 N 0 311 1
TOP 1 66.66660022 88.97961122 180 N 0 310 2
TOP 2 66.66660022 90.07960902 180 N 0 309 3
TOP 3 66.66660022 91.17960682 180 N 0 308 4
TOP 4 66.66660022 92.27960462 180 N 0 307 5
TOP 5 66.66660022 93.37960242 180 N 0 306 6
TOP 6 66.66660022 94.47960022 180 N 0 305 7
TOP 7 66.66660022 97.49959926 180 N 130 0 8
TOP 8 66.66660022 98.5995996 180 N 10 0 9
TOP 9 66.66660022 99.69959994 180 N 154 0 10
TOP 10 66.66660022 100.79960028 180 N 106 0 11
TOP 11 66.66660022 101.89960062 180 N 154 1 12
TOP 12 55.72660178 101.89960062 180 N 154 2 13
TOP 13 55.72660178 100.79960028 180 N 0 304 14
TOP 14 55.72660178 99.69959994 180 N 0 303 15
TOP 15 55.72660178 98.5995996 180 N 0 302 16
TOP 16 55.72660178 97.49959926 180 N 0 301 17
TOP 17 55.72660178 94.47960022 180 N 0 300 18
TOP 18 55.72660178 93.37960242 180 N 0 299 19
TOP 19 55.72660178 92.27960462 180 N 58 0 20
TOP 20 55.72660178 91.17960682 180 N 82 0 21
TOP 21 55.72660178 90.07960902 180 N 34 0 22
TOP 22 55.72660178 88.97961122 180 N 178 0 23
TOP 23 55.72660178 87.87961342 180 N 154 3 24
#
# CMP 1
CMP 1 38.97260176 84.88160062 180 N U24 LB1020B ;0=1,1=0.0000
TOP 0 38.34660098 69.87961386 180 N 0 0 1
TOP 1 38.34660098 70.97961166 180 N 0 1 2
TOP 2 38.34660098 72.07960946 180 N 0 2 3
TOP 3 38.34660098 73.17960726 180 N 0 3 4
TOP 4 38.34660098 74.27960506 180 N 0 4 5
TOP 5 38.34660098 75.37960286 180 N 0 5 6
TOP 6 38.34660098 76.47960066 180 N 0 6 7
TOP 7 38.34660098 79.4995997 180 N 121 0 8
TOP 8 38.34660098 80.59960004 180 N 1 0 9
TOP 9 38.34660098 81.69960038 180 N 145 3 10
TOP 10 38.34660098 82.79960072 180 N 97 0 11
TOP 11 38.34660098 83.89960106 180 N 145 2 12
TOP 12 27.40660254 83.89960106 180 N 145 1 13
TOP 13 27.40660254 82.79960072 180 N 0 7 14
TOP 14 27.40660254 81.69960038 180 N 0 8 15
TOP 15 27.40660254 80.59960004 180 N 0 9 16
TOP 16 27.40660254 79.4995997 180 N 0 10 17
TOP 17 27.40660254 76.47960066 180 N 0 11 18
TOP 18 27.40660254 75.37960286 180 N 0 12 19
TOP 19 27.40660254 74.27960506 180 N 49 0 20
TOP 20 27.40660254 73.17960726 180 N 73 0 21
TOP 21 27.40660254 72.07960946 180 N 25 0 22
TOP 22 27.40660254 70.97961166 180 N 169 0 23
TOP 23 27.40660254 69.87961386 180 N 145 0 24
#
# CMP 2
CMP 1 53.13260138 120.88159974 180 N U18 LB1020B ;0=1,1=0.0000
TOP 0 52.5066006 105.87961298 180 N 0 25 1
TOP 1 52.5066006 106.97961078 180 N 0 24 2
TOP 2 52.5066006 108.07960858 180 N 0 23 3
TOP 3 52.5066006 109.17960638 180 N 0 22 4
TOP 4 52.5066006 110.27960418 180 N 0 21 5
TOP 5 52.5066006 111.37960198 180 N 0 20 6
TOP 6 52.5066006 112.47959978 180 N 0 19 7
TOP 7 52.5066006 115.49959882 180 N 127 0 8
TOP 8 52.5066006 116.59959916 180 N 7 0 9
TOP 9 52.5066006 117.6995995 180 N 151 0 10
TOP 10 52.5066006 118.79959984 180 N 103 0 11
TOP 11 52.5066006 119.89960018 180 N 151 1 12
TOP 12 41.56660216 119.89960018 180 N 151 2 13
TOP 13 41.56660216 118.79959984 180 N 0 18 14
TOP 14 41.56660216 117.6995995 180 N 0 17 15
TOP 15 41.56660216 116.59959916 180 N 0 16 16
TOP 16 41.56660216 115.49959882 180 N 0 15 17
TOP 17 41.56660216 112.47959978 180 N 0 14 18
TOP 18 41.56660216 111.37960198 180 N 0 13 19
TOP 19 41.56660216 110.27960418 180 N 55 0 20
TOP 20 41.56660216 109.17960638 180 N 79 0 21
TOP 21 41.56660216 108.07960858 180 N 31 0 22
TOP 22 41.56660216 106.97961078 180 N 175 0 23
TOP 23 41.56660216 105.87961298 180 N 151 3 24
#
# CMP 3
CMP 1 38.97260176 102.88160018 180 N U23 LB1020B ;0=1,1=0.0000
TOP 0 38.34660098 87.87961342 180 N 0 26 1
TOP 1 38.34660098 88.97961122 180 N 0 27 2
TOP 2 38.34660098 90.07960902 180 N 0 28 3
TOP 3 38.34660098 91.17960682 180 N 0 29 4
TOP 4 38.34660098 92.27960462 180 N 0 30 5
TOP 5 38.34660098 93.37960242 180 N 0 31 6
TOP 6 38.34660098 94.47960022 180 N 0 32 7
TOP 7 38.34660098 97.49959926 180 N 122 0 8
TOP 8 38.34660098 98.5995996 180 N 2 0 9
TOP 9 38.34660098 99.69959994 180 N 146 3 10
TOP 10 38.34660098 100.79960028 180 N 98 0 11
TOP 11 38.34660098 101.89960062 180 N 146 2 12
TOP 12 27.40660254 101.89960062 180 N 146 1 13
TOP 13 27.40660254 100.79960028 180 N 0 33 14
TOP 14 27.40660254 99.69959994 180 N 0 34 15
TOP 15 27.40660254 98.5995996 180 N 0 35 16
TOP 16 27.40660254 97.49959926 180 N 0 36 17
TOP 17 27.40660254 94.47960022 180 N 0 37 18
TOP 18 27.40660254 93.37960242 180 N 0 38 19
TOP 19 27.40660254 92.27960462 180 N 50 0 20
TOP 20 27.40660254 91.17960682 180 N 74 0 21
TOP 21 27.40660254 90.07960902 180 N 26 0 22
TOP 22 27.40660254 88.97961122 180 N 170 0 23
TOP 23 27.40660254 87.87961342 180 N 146 0 24
#
# CMP 4
CMP 1 53.13260138 138.8815993 180 N U17 LB1020B ;0=1,1=0.0000
TOP 0 52.5066006 123.87961254 180 N 0 51 1
TOP 1 52.5066006 124.97961034 180 N 0 50 2
TOP 2 52.5066006 126.07960814 180 N 0 49 3
TOP 3 52.5066006 127.17960594 180 N 0 48 4
TOP 4 52.5066006 128.27960374 180 N 0 47 5
TOP 5 52.5066006 129.37960154 180 N 0 46 6
TOP 6 52.5066006 130.47959934 180 N 0 45 7
TOP 7 52.5066006 133.49959838 180 N 128 0 8
TOP 8 52.5066006 134.59959872 180 N 8 0 9
TOP 9 52.5066006 135.69959906 180 N 152 0 10
TOP 10 52.5066006 136.7995994 180 N 104 0 11
TOP 11 52.5066006 137.89959974 180 N 152 1 12
TOP 12 41.56660216 137.89959974 180 N 152 2 13
TOP 13 41.56660216 136.7995994 180 N 0 44 14
TOP 14 41.56660216 135.69959906 180 N 0 43 15
TOP 15 41.56660216 134.59959872 180 N 0 42 16
TOP 16 41.56660216 133.49959838 180 N 0 41 17
TOP 17 41.56660216 130.47959934 180 N 0 40 18
TOP 18 41.56660216 129.37960154 180 N 0 39 19
TOP 19 41.56660216 128.27960374 180 N 56 0 20
TOP 20 41.56660216 127.17960594 180 N 80 0 21
TOP 21 41.56660216 126.07960814 180 N 32 0 22
TOP 22 41.56660216 124.97961034 180 N 176 0 23
TOP 23 41.56660216 123.87961254 180 N 152 3 24
#
# CMP 5
CMP 1 38.97260176 120.88159974 180 N U22 LB1020B ;0=1,1=0.0000
TOP 0 38.34660098 105.87961298 180 N 0 52 1
TOP 1 38.34660098 106.97961078 180 N 0 53 2
TOP 2 38.34660098 108.07960858 180 N 0 54 3
TOP 3 38.34660098 109.17960638 180 N 0 55 4
TOP 4 38.34660098 110.27960418 180 N 0 56 5
TOP 5 38.34660098 111.37960198 180 N 0 57 6
TOP 6 38.34660098 112.47959978 180 N 0 58 7
TOP 7 38.34660098 115.49959882 180 N 123 0 8
TOP 8 38.34660098 116.59959916 180 N 3 0 9
TOP 9 38.34660098 117.6995995 180 N 147 3 10
TOP 10 38.34660098 118.79959984 180 N 99 0 11
TOP 11 38.34660098 119.89960018 180 N 147 2 12
TOP 12 27.40660254 119.89960018 180 N 147 1 13
TOP 13 27.40660254 118.79959984 180 N 0 59 14
TOP 14 27.40660254 117.6995995 180 N 0 60 15
TOP 15 27.40660254 116.59959916 180 N 0 61 16
TOP 16 27.40660254 115.49959882 180 N 0 62 17
TOP 17 27.40660254 112.47959978 180 N 0 63 18
TOP 18 27.40660254 111.37960198 180 N 0 64 19
TOP 19 27.40660254 110.27960418 180 N 51 0 20
TOP 20 27.40660254 109.17960638 180 N 75 0 21
TOP 21 27.40660254 108.07960858 180 N 27 0 22
TOP 22 27.40660254 106.97961078 180 N 171 0 23
TOP 23 27.40660254 105.87961298 180 N 147 0 24
#
# CMP 6
CMP 1 67.292601 84.88160062 180 N U16 LB1020B ;0=1,1=0.0000
TOP 0 66.66660022 69.87961386 180 N 0 77 1
TOP 1 66.66660022 70.97961166 180 N 0 76 2
TOP 2 66.66660022 72.07960946 180 N 0 75 3
TOP 3 66.66660022 73.17960726 180 N 0 74 4
TOP 4 66.66660022 74.27960506 180 N 0 73 5
TOP 5 66.66660022 75.37960286 180 N 0 72 6
TOP 6 66.66660022 76.47960066 180 N 0 71 7
TOP 7 66.66660022 79.4995997 180 N 129 0 8
TOP 8 66.66660022 80.59960004 180 N 9 0 9
TOP 9 66.66660022 81.69960038 180 N 153 0 10
TOP 10 66.66660022 82.79960072 180 N 105 0 11
TOP 11 66.66660022 83.89960106 180 N 153 1 12
TOP 12 55.72660178 83.89960106 180 N 153 2 13
TOP 13 55.72660178 82.79960072 180 N 0 70 14
TOP 14 55.72660178 81.69960038 180 N 0 69 15
TOP 15 55.72660178 80.59960004 180 N 0 68 16
TOP 16 55.72660178 79.4995997 180 N 0 67 17
TOP 17 55.72660178 76.47960066 180 N 0 66 18
TOP 18 55.72660178 75.37960286 180 N 0 65 19
TOP 19 55.72660178 74.27960506 180 N 57 0 20
TOP 20 55.72660178 73.17960726 180 N 81 0 21
TOP 21 55.72660178 72.07960946 180 N 33 0 22
TOP 22 55.72660178 70.97961166 180 N 177 0 23
TOP 23 55.72660178 69.87961386 180 N 153 3 24
#
# CMP 7
CMP 1 38.97260176 138.8815993 180 N U21 LB1020B ;0=1,1=0.0000
TOP 0 38.34660098 123.87961254 180 N 0 78 1
TOP 1 38.34660098 124.97961034 180 N 0 79 2
TOP 2 38.34660098 126.07960814 180 N 0 80 3
TOP 3 38.34660098 127.17960594 180 N 0 81 4
TOP 4 38.34660098 128.27960374 180 N 0 82 5
TOP 5 38.34660098 129.37960154 180 N 0 83 6
TOP 6 38.34660098 130.47959934 180 N 0 84 7
TOP 7 38.34660098 133.49959838 180 N 124 0 8
TOP 8 38.34660098 134.59959872 180 N 4 0 9
TOP 9 38.34660098 135.69959906 180 N 148 3 10
TOP 10 38.34660098 136.7995994 180 N 100 0 11
TOP 11 38.34660098 137.89959974 180 N 148 2 12
TOP 12 27.40660254 137.89959974 180 N 148 1 13
TOP 13 27.40660254 136.7995994 180 N 0 85 14
TOP 14 27.40660254 135.69959906 180 N 0 86 15
TOP 15 27.40660254 134.59959872 180 N 0 87 16
TOP 16 27.40660254 133.49959838 180 N 0 88 17
TOP 17 27.40660254 130.47959934 180 N 0 89 18
TOP 18 27.40660254 129.37960154 180 N 0 90 19
TOP 19 27.40660254 128.27960374 180 N 52 0 20
TOP 20 27.40660254 127.17960594 180 N 76 0 21
TOP 21 27.40660254 126.07960814 180 N 28 0 22
TOP 22 27.40660254 124.97961034 180 N 172 0 23
TOP 23 27.40660254 123.87961254 180 N 148 0 24
#
# CMP 8
CMP 1 67.292601 120.88159974 180 N U14 LB1020B ;0=1,1=0.0000
TOP 0 66.66660022 105.87961298 180 N 0 103 1
TOP 1 66.66660022 106.97961078 180 N 0 102 2
TOP 2 66.66660022 108.07960858 180 N 0 101 3
TOP 3 66.66660022 109.17960638 180 N 0 100 4
TOP 4 66.66660022 110.27960418 180 N 0 99 5
TOP 5 66.66660022 111.37960198 180 N 0 98 6
TOP 6 66.66660022 112.47959978 180 N 0 97 7
TOP 7 66.66660022 115.49959882 180 N 131 0 8
TOP 8 66.66660022 116.59959916 180 N 11 0 9
TOP 9 66.66660022 117.6995995 180 N 155 0 10
TOP 10 66.66660022 118.79959984 180 N 107 0 11
TOP 11 66.66660022 119.89960018 180 N 155 1 12
TOP 12 55.72660178 119.89960018 180 N 155 2 13
TOP 13 55.72660178 118.79959984 180 N 0 96 14
TOP 14 55.72660178 117.6995995 180 N 0 95 15
TOP 15 55.72660178 116.59959916 180 N 0 94 16
TOP 16 55.72660178 115.49959882 180 N 0 93 17
TOP 17 55.72660178 112.47959978 180 N 0 92 18
TOP 18 55.72660178 111.37960198 180 N 0 91 19
TOP 19 55.72660178 110.27960418 180 N 59 0 20
TOP 20 55.72660178 109.17960638 180 N 83 0 21
TOP 21 55.72660178 108.07960858 180 N 35 0 22
TOP 22 55.72660178 106.97961078 180 N 179 0 23
TOP 23 55.72660178 105.87961298 180 N 155 3 24
#
# CMP 9
CMP 1 53.13260138 84.88160062 180 N U20 LB1020B ;0=1,1=0.0000
TOP 0 52.5066006 69.87961386 180 N 0 104 1
TOP 1 52.5066006 70.97961166 180 N 0 105 2
TOP 2 52.5066006 72.07960946 180 N 0 106 3
TOP 3 52.5066006 73.17960726 180 N 0 107 4
TOP 4 52.5066006 74.27960506 180 N 0 108 5
TOP 5 52.5066006 75.37960286 180 N 0 109 6
TOP 6 52.5066006 76.47960066 180 N 0 110 7
TOP 7 52.5066006 79.4995997 180 N 125 0 8
TOP 8 52.5066006 80.59960004 180 N 5 0 9
TOP 9 52.5066006 81.69960038 180 N 149 3 10
TOP 10 52.5066006 82.79960072 180 N 101 0 11
TOP 11 52.5066006 83.89960106 180 N 149 2 12
TOP 12 41.56660216 83.89960106 180 N 149 1 13
TOP 13 41.56660216 82.79960072 180 N 0 111 14
TOP 14 41.56660216 81.69960038 180 N 0 112 15
TOP 15 41.56660216 80.59960004 180 N 0 113 16
TOP 16 41.56660216 79.4995997 180 N 0 114 17
TOP 17 41.56660216 76.47960066 180 N 0 115 18
TOP 18 41.56660216 75.37960286 180 N 0 116 19
TOP 19 41.56660216 74.27960506 180 N 53 0 20
TOP 20 41.56660216 73.17960726 180 N 77 0 21
TOP 21 41.56660216 72.07960946 180 N 29 0 22
TOP 22 41.56660216 70.97961166 180 N 173 0 23
TOP 23 41.56660216 69.87961386 180 N 149 0 24
#
# CMP 10
CMP 1 67.292601 138.8815993 180 N U13 LB1020B ;0=1,1=0.0000
TOP 0 66.66660022 123.87961254 180 N 0 129 1
TOP 1 66.66660022 124.97961034 180 N 0 128 2
TOP 2 66.66660022 126.07960814 180 N 0 127 3
TOP 3 66.66660022 127.17960594 180 N 0 126 4
TOP 4 66.66660022 128.27960374 180 N 0 125 5
TOP 5 66.66660022 129.37960154 180 N 0 124 6
TOP 6 66.66660022 130.47959934 180 N 0 123 7
TOP 7 66.66660022 133.49959838 180 N 132 0 8
TOP 8 66.66660022 134.59959872 180 N 12 0 9
TOP 9 66.66660022 135.69959906 180 N 156 0 10
TOP 10 66.66660022 136.7995994 180 N 108 0 11
TOP 11 66.66660022 137.89959974 180 N 156 1 12
TOP 12 55.72660178 137.89959974 180 N 156 2 13
TOP 13 55.72660178 136.7995994 180 N 0 122 14
TOP 14 55.72660178 135.69959906 180 N 0 121 15
TOP 15 55.72660178 134.59959872 180 N 0 120 16
TOP 16 55.72660178 133.49959838 180 N 0 119 17
TOP 17 55.72660178 130.47959934 180 N 0 118 18
TOP 18 55.72660178 129.37960154 180 N 0 117 19
TOP 19 55.72660178 128.27960374 180 N 60 0 20
TOP 20 55.72660178 127.17960594 180 N 84 0 21
TOP 21 55.72660178 126.07960814 180 N 36 0 22
TOP 22 55.72660178 124.97961034 180 N 180 0 23
TOP 23 55.72660178 123.87961254 180 N 156 3 24
#
# CMP 11
CMP 1 53.13260138 102.88160018 180 N U19 LB1020B ;0=1,1=0.0000
TOP 0 52.5066006 87.87961342 180 N 0 130 1
TOP 1 52.5066006 88.97961122 180 N 0 131 2
TOP 2 52.5066006 90.07960902 180 N 0 132 3
TOP 3 52.5066006 91.17960682 180 N 0 133 4
TOP 4 52.5066006 92.27960462 180 N 0 134 5
TOP 5 52.5066006 93.37960242 180 N 0 135 6
TOP 6 52.5066006 94.47960022 180 N 0 136 7
TOP 7 52.5066006 97.49959926 180 N 126 0 8
TOP 8 52.5066006 98.5995996 180 N 6 0 9
TOP 9 52.5066006 99.69959994 180 N 150 3 10
TOP 10 52.5066006 100.79960028 180 N 102 0 11
TOP 11 52.5066006 101.89960062 180 N 150 2 12
TOP 12 41.56660216 101.89960062 180 N 150 1 13
TOP 13 41.56660216 100.79960028 180 N 0 137 14
TOP 14 41.56660216 99.69959994 180 N 0 138 15
TOP 15 41.56660216 98.5995996 180 N 0 139 16
TOP 16 41.56660216 97.49959926 180 N 0 140 17
TOP 17 41.56660216 94.47960022 180 N 0 141 18
TOP 18 41.56660216 93.37960242 180 N 0 142 19
TOP 19 41.56660216 92.27960462 180 N 54 0 20
TOP 20 41.56660216 91.17960682 180 N 78 0 21
TOP 21 41.56660216 90.07960902 180 N 30 0 22
TOP 22 41.56660216 88.97961122 180 N 174 0 23
TOP 23 41.56660216 87.87961342 180 N 150 0 24
#
# CMP 12
CMP 1 109.77259986 84.88160062 180 N U4 LB1020B ;0=1,1=0.0000
TOP 0 109.14659908 69.87961386 180 N 0 155 1
TOP 1 109.14659908 70.97961166 180 N 0 154 2
TOP 2 109.14659908 72.07960946 180 N 0 153 3
TOP 3 109.14659908 73.17960726 180 N 0 152 4
TOP 4 109.14659908 74.27960506 180 N 0 151 5
TOP 5 109.14659908 75.37960286 180 N 0 150 6
TOP 6 109.14659908 76.47960066 180 N 0 149 7
TOP 7 109.14659908 79.4995997 180 N 141 0 8
TOP 8 109.14659908 80.59960004 180 N 21 0 9
TOP 9 109.14659908 81.69960038 180 N 165 0 10
TOP 10 109.14659908 82.79960072 180 N 117 0 11
TOP 11 109.14659908 83.89960106 180 N 165 1 12
TOP 12 98.20660064 83.89960106 180 N 165 2 13
TOP 13 98.20660064 82.79960072 180 N 0 148 14
TOP 14 98.20660064 81.69960038 180 N 0 147 15
TOP 15 98.20660064 80.59960004 180 N 0 146 16
TOP 16 98.20660064 79.4995997 180 N 0 145 17
TOP 17 98.20660064 76.47960066 180 N 0 144 18
TOP 18 98.20660064 75.37960286 180 N 0 143 19
TOP 19 98.20660064 74.27960506 180 N 69 0 20
TOP 20 98.20660064 73.17960726 180 N 93 0 21
TOP 21 98.20660064 72.07960946 180 N 45 0 22
TOP 22 98.20660064 70.97961166 180 N 189 0 23
TOP 23 98.20660064 69.87961386 180 N 165 3 24
#
# CMP 13
CMP 1 81.45260062 138.8815993 180 N U9 LB1020B ;0=1,1=0.0000
TOP 0 80.82659984 123.87961254 180 N 0 156 1
TOP 1 80.82659984 124.97961034 180 N 0 157 2
TOP 2 80.82659984 126.07960814 180 N 0 158 3
TOP 3 80.82659984 127.17960594 180 N 0 159 4
TOP 4 80.82659984 128.27960374 180 N 0 160 5
TOP 5 80.82659984 129.37960154 180 N 0 161 6
TOP 6 80.82659984 130.47959934 180 N 0 162 7
TOP 7 80.82659984 133.49959838 180 N 133 0 8
TOP 8 80.82659984 134.59959872 180 N 13 0 9
TOP 9 80.82659984 135.69959906 180 N 157 3 10
TOP 10 80.82659984 136.7995994 180 N 109 0 11
TOP 11 80.82659984 137.89959974 180 N 157 2 12
TOP 12 69.8866014 137.89959974 180 N 157 1 13
TOP 13 69.8866014 136.7995994 180 N 0 163 14
TOP 14 69.8866014 135.69959906 180 N 0 164 15
TOP 15 69.8866014 134.59959872 180 N 0 165 16
TOP 16 69.8866014 133.49959838 180 N 0 166 17
TOP 17 69.8866014 130.47959934 180 N 0 167 18
TOP 18 69.8866014 129.37960154 180 N 0 168 19
TOP 19 69.8866014 128.27960374 180 N 61 0 20
TOP 20 69.8866014 127.17960594 180 N 85 0 21
TOP 21 69.8866014 126.07960814 180 N 37 0 22
TOP 22 69.8866014 124.97961034 180 N 181 0 23
TOP 23 69.8866014 123.87961254 180 N 157 0 24
#
# CMP 14
CMP 1 95.61260024 120.88159974 180 N U6 LB1020B ;0=1,1=0.0000
TOP 0 94.98659946 105.87961298 180 N 0 181 1
TOP 1 94.98659946 106.97961078 180 N 0 180 2
TOP 2 94.98659946 108.07960858 180 N 0 179 3
TOP 3 94.98659946 109.17960638 180 N 0 178 4
TOP 4 94.98659946 110.27960418 180 N 0 177 5
TOP 5 94.98659946 111.37960198 180 N 0 176 6
TOP 6 94.98659946 112.47959978 180 N 0 175 7
TOP 7 94.98659946 115.49959882 180 N 139 0 8
TOP 8 94.98659946 116.59959916 180 N 19 0 9
TOP 9 94.98659946 117.6995995 180 N 163 0 10
TOP 10 94.98659946 118.79959984 180 N 115 0 11
TOP 11 94.98659946 119.89960018 180 N 163 1 12
TOP 12 84.04660102 119.89960018 180 N 163 2 13
TOP 13 84.04660102 118.79959984 180 N 0 174 14
TOP 14 84.04660102 117.6995995 180 N 0 173 15
TOP 15 84.04660102 116.59959916 180 N 0 172 16
TOP 16 84.04660102 115.49959882 180 N 0 171 17
TOP 17 84.04660102 112.47959978 180 N 0 170 18
TOP 18 84.04660102 111.37960198 180 N 0 169 19
TOP 19 84.04660102 110.27960418 180 N 67 0 20
TOP 20 84.04660102 109.17960638 180 N 91 0 21
TOP 21 84.04660102 108.07960858 180 N 43 0 22
TOP 22 84.04660102 106.97961078 180 N 187 0 23
TOP 23 84.04660102 105.87961298 180 N 163 3 24
#
# CMP 15
CMP 1 81.45260062 120.88159974 180 N U10 LB1020B ;0=1,1=0.0000
TOP 0 80.82659984 105.87961298 180 N 0 182 1
TOP 1 80.82659984 106.97961078 180 N 0 183 2
TOP 2 80.82659984 108.07960858 180 N 0 184 3
TOP 3 80.82659984 109.17960638 180 N 0 185 4
TOP 4 80.82659984 110.27960418 180 N 0 186 5
TOP 5 80.82659984 111.37960198 180 N 0 187 6
TOP 6 80.82659984 112.47959978 180 N 0 188 7
TOP 7 80.82659984 115.49959882 180 N 134 0 8
TOP 8 80.82659984 116.59959916 180 N 14 0 9
TOP 9 80.82659984 117.6995995 180 N 158 3 10
TOP 10 80.82659984 118.79959984 180 N 110 0 11
TOP 11 80.82659984 119.89960018 180 N 158 2 12
TOP 12 69.8866014 119.89960018 180 N 158 1 13
TOP 13 69.8866014 118.79959984 180 N 0 189 14
TOP 14 69.8866014 117.6995995 180 N 0 190 15
TOP 15 69.8866014 116.59959916 180 N 0 191 16
TOP 16 69.8866014 115.49959882 180 N 0 192 17
TOP 17 69.8866014 112.47959978 180 N 0 193 18
TOP 18 69.8866014 111.37960198 180 N 0 194 19
TOP 19 69.8866014 110.27960418 180 N 62 0 20
TOP 20 69.8866014 109.17960638 180 N 86 0 21
TOP 21 69.8866014 108.07960858 180 N 38 0 22
TOP 22 69.8866014 106.97961078 180 N 182 0 23
TOP 23 69.8866014 105.87961298 180 N 158 0 24
#
# CMP 16
CMP 1 95.61260024 138.8815993 180 N U5 LB1020B ;0=1,1=0.0000
TOP 0 94.98659946 123.87961254 180 N 0 207 1
TOP 1 94.98659946 124.97961034 180 N 0 206 2
TOP 2 94.98659946 126.07960814 180 N 0 205 3
TOP 3 94.98659946 127.17960594 180 N 0 204 4
TOP 4 94.98659946 128.27960374 180 N 0 203 5
TOP 5 94.98659946 129.37960154 180 N 0 202 6
TOP 6 94.98659946 130.47959934 180 N 0 201 7
TOP 7 94.98659946 133.49959838 180 N 140 0 8
TOP 8 94.98659946 134.59959872 180 N 20 0 9
TOP 9 94.98659946 135.69959906 180 N 164 0 10
TOP 10 94.98659946 136.7995994 180 N 116 0 11
TOP 11 94.98659946 137.89959974 180 N 164 1 12
TOP 12 84.04660102 137.89959974 180 N 164 2 13
TOP 13 84.04660102 136.7995994 180 N 0 200 14
TOP 14 84.04660102 135.69959906 180 N 0 199 15
TOP 15 84.04660102 134.59959872 180 N 0 198 16
TOP 16 84.04660102 133.49959838 180 N 0 197 17
TOP 17 84.04660102 130.47959934 180 N 0 196 18
TOP 18 84.04660102 129.37960154 180 N 0 195 19
TOP 19 84.04660102 128.27960374 180 N 68 0 20
TOP 20 84.04660102 127.17960594 180 N 92 0 21
TOP 21 84.04660102 126.07960814 180 N 44 0 22
TOP 22 84.04660102 124.97961034 180 N 188 0 23
TOP 23 84.04660102 123.87961254 180 N 164 3 24
#
# CMP 17
CMP 1 81.45260062 102.88160018 180 N U11 LB1020B ;0=1,1=0.0000
TOP 0 80.82659984 87.87961342 180 N 0 208 1
TOP 1 80.82659984 88.97961122 180 N 0 209 2
TOP 2 80.82659984 90.07960902 180 N 0 210 3
TOP 3 80.82659984 91.17960682 180 N 0 211 4
TOP 4 80.82659984 92.27960462 180 N 0 212 5
TOP 5 80.82659984 93.37960242 180 N 0 213 6
TOP 6 80.82659984 94.47960022 180 N 0 214 7
TOP 7 80.82659984 97.49959926 180 N 135 0 8
TOP 8 80.82659984 98.5995996 180 N 15 0 9
TOP 9 80.82659984 99.69959994 180 N 159 3 10
TOP 10 80.82659984 100.79960028 180 N 111 0 11
TOP 11 80.82659984 101.89960062 180 N 159 2 12
TOP 12 69.8866014 101.89960062 180 N 159 1 13
TOP 13 69.8866014 100.79960028 180 N 0 215 14
TOP 14 69.8866014 99.69959994 180 N 0 216 15
TOP 15 69.8866014 98.5995996 180 N 0 217 16
TOP 16 69.8866014 97.49959926 180 N 0 218 17
TOP 17 69.8866014 94.47960022 180 N 0 219 18
TOP 18 69.8866014 93.37960242 180 N 0 220 19
TOP 19 69.8866014 92.27960462 180 N 63 0 20
TOP 20 69.8866014 91.17960682 180 N 87 0 21
TOP 21 69.8866014 90.07960902 180 N 39 0 22
TOP 22 69.8866014 88.97961122 180 N 183 0 23
TOP 23 69.8866014 87.87961342 180 N 159 0 24
#
# CMP 18
CMP 1 109.77259986 102.88160018 180 N U3 LB1020B ;0=1,1=0.0000
TOP 0 109.14659908 87.87961342 180 N 0 233 1
TOP 1 109.14659908 88.97961122 180 N 0 232 2
TOP 2 109.14659908 90.07960902 180 N 0 231 3
TOP 3 109.14659908 91.17960682 180 N 0 230 4
TOP 4 109.14659908 92.27960462 180 N 0 229 5
TOP 5 109.14659908 93.37960242 180 N 0 228 6
TOP 6 109.14659908 94.47960022 180 N 0 227 7
TOP 7 109.14659908 97.49959926 180 N 142 0 8
TOP 8 109.14659908 98.5995996 180 N 22 0 9
TOP 9 109.14659908 99.69959994 180 N 166 0 10
TOP 10 109.14659908 100.79960028 180 N 118 0 11
TOP 11 109.14659908 101.89960062 180 N 166 1 12
TOP 12 98.20660064 101.89960062 180 N 166 2 13
TOP 13 98.20660064 100.79960028 180 N 0 226 14
TOP 14 98.20660064 99.69959994 180 N 0 225 15
TOP 15 98.20660064 98.5995996 180 N 0 224 16
TOP 16 98.20660064 97.49959926 180 N 0 223 17
TOP 17 98.20660064 94.47960022 180 N 0 222 18
TOP 18 98.20660064 93.37960242 180 N 0 221 19
TOP 19 98.20660064 92.27960462 180 N 70 0 20
TOP 20 98.20660064 91.17960682 180 N 94 0 21
TOP 21 98.20660064 90.07960902 180 N 46 0 22
TOP 22 98.20660064 88.97961122 180 N 190 0 23
TOP 23 98.20660064 87.87961342 180 N 166 3 24
#
# CMP 19
CMP 1 81.45260062 84.88160062 180 N U12 LB1020B ;0=1,1=0.0000
TOP 0 80.82659984 69.87961386 180 N 0 234 1
TOP 1 80.82659984 70.97961166 180 N 0 235 2
TOP 2 80.82659984 72.07960946 180 N 0 236 3
TOP 3 80.82659984 73.17960726 180 N 0 237 4
TOP 4 80.82659984 74.27960506 180 N 0 238 5
TOP 5 80.82659984 75.37960286 180 N 0 239 6
TOP 6 80.82659984 76.47960066 180 N 0 240 7
TOP 7 80.82659984 79.4995997 180 N 136 0 8
TOP 8 80.82659984 80.59960004 180 N 16 0 9
TOP 9 80.82659984 81.69960038 180 N 160 3 10
TOP 10 80.82659984 82.79960072 180 N 112 0 11
TOP 11 80.82659984 83.89960106 180 N 160 2 12
TOP 12 69.8866014 83.89960106 180 N 160 1 13
TOP 13 69.8866014 82.79960072 180 N 0 241 14
TOP 14 69.8866014 81.69960038 180 N 0 242 15
TOP 15 69.8866014 80.59960004 180 N 0 243 16
TOP 16 69.8866014 79.4995997 180 N 0 244 17
TOP 17 69.8866014 76.47960066 180 N 0 245 18
TOP 18 69.8866014 75.37960286 180 N 0 246 19
TOP 19 69.8866014 74.27960506 180 N 64 0 20
TOP 20 69.8866014 73.17960726 180 N 88 0 21
TOP 21 69.8866014 72.07960946 180 N 40 0 22
TOP 22 69.8866014 70.97961166 180 N 184 0 23
TOP 23 69.8866014 69.87961386 180 N 160 0 24
#
# CMP 20
CMP 1 109.77259986 120.88159974 180 N U2 LB1020B ;0=1,1=0.0000
TOP 0 109.14659908 105.87961298 180 N 0 259 1
TOP 1 109.14659908 106.97961078 180 N 0 258 2
TOP 2 109.14659908 108.07960858 180 N 0 257 3
TOP 3 109.14659908 109.17960638 180 N 0 256 4
TOP 4 109.14659908 110.27960418 180 N 0 255 5
TOP 5 109.14659908 111.37960198 180 N 0 254 6
TOP 6 109.14659908 112.47959978 180 N 0 253 7
TOP 7 109.14659908 115.49959882 180 N 143 0 8
TOP 8 109.14659908 116.59959916 180 N 23 0 9
TOP 9 109.14659908 117.6995995 180 N 167 0 10
TOP 10 109.14659908 118.79959984 180 N 119 0 11
TOP 11 109.14659908 119.89960018 180 N 167 1 12
TOP 12 98.20660064 119.89960018 180 N 167 2 13
TOP 13 98.20660064 118.79959984 180 N 0 252 14
TOP 14 98.20660064 117.6995995 180 N 0 251 15
TOP 15 98.20660064 116.59959916 180 N 0 250 16
TOP 16 98.20660064 115.49959882 180 N 0 249 17
TOP 17 98.20660064 112.47959978 180 N 0 248 18
TOP 18 98.20660064 111.37960198 180 N 0 247 19
TOP 19 98.20660064 110.27960418 180 N 71 0 20
TOP 20 98.20660064 109.17960638 180 N 95 0 21
TOP 21 98.20660064 108.07960858 180 N 47 0 22
TOP 22 98.20660064 106.97961078 180 N 191 0 23
TOP 23 98.20660064 105.87961298 180 N 167 3 24
#
# CMP 21
CMP 1 95.61260024 84.88160062 180 N U8 LB1020B ;0=1,1=0.0000
TOP 0 94.98659946 69.87961386 180 N 0 260 1
TOP 1 94.98659946 70.97961166 180 N 0 261 2
TOP 2 94.98659946 72.07960946 180 N 0 262 3
TOP 3 94.98659946 73.17960726 180 N 0 263 4
TOP 4 94.98659946 74.27960506 180 N 0 264 5
TOP 5 94.98659946 75.37960286 180 N 0 265 6
TOP 6 94.98659946 76.47960066 180 N 0 266 7
TOP 7 94.98659946 79.4995997 180 N 137 0 8
TOP 8 94.98659946 80.59960004 180 N 17 0 9
TOP 9 94.98659946 81.69960038 180 N 161 3 10
TOP 10 94.98659946 82.79960072 180 N 113 0 11
TOP 11 94.98659946 83.89960106 180 N 161 2 12
TOP 12 84.04660102 83.89960106 180 N 161 1 13
TOP 13 84.04660102 82.79960072 180 N 0 267 14
TOP 14 84.04660102 81.69960038 180 N 0 268 15
TOP 15 84.04660102 80.59960004 180 N 0 269 16
TOP 16 84.04660102 79.4995997 180 N 0 270 17
TOP 17 84.04660102 76.47960066 180 N 0 271 18
TOP 18 84.04660102 75.37960286 180 N 0 272 19
TOP 19 84.04660102 74.27960506 180 N 65 0 20
TOP 20 84.04660102 73.17960726 180 N 89 0 21
TOP 21 84.04660102 72.07960946 180 N 41 0 22
TOP 22 84.04660102 70.97961166 180 N 185 0 23
TOP 23 84.04660102 69.87961386 180 N 161 0 24
#
# CMP 22
CMP 1 109.77259986 138.8815993 180 N U1 LB1020B ;0=1,1=0.0000
TOP 0 109.14659908 123.87961254 180 N 0 285 1
TOP 1 109.14659908 124.97961034 180 N 0 284 2
TOP 2 109.14659908 126.07960814 180 N 0 283 3
TOP 3 109.14659908 127.17960594 180 N 0 282 4
TOP 4 109.14659908 128.27960374 180 N 0 281 5
TOP 5 109.14659908 129.37960154 180 N 0 280 6
TOP 6 109.14659908 130.47959934 180 N 0 279 7
TOP 7 109.14659908 133.49959838 180 N 144 0 8
TOP 8 109.14659908 134.59959872 180 N 24 0 9
TOP 9 109.14659908 135.69959906 180 N 168 0 10
TOP 10 109.14659908 136.7995994 180 N 120 0 11
TOP 11 109.14659908 137.89959974 180 N 168 1 12
TOP 12 98.20660064 137.89959974 180 N 168 2 13
TOP 13 98.20660064 136.7995994 180 N 0 278 14
TOP 14 98.20660064 135.69959906 180 N 0 277 15
TOP 15 98.20660064 134.59959872 180 N 0 276 16
TOP 16 98.20660064 133.49959838 180 N 0 275 17
TOP 17 98.20660064 130.47959934 180 N 0 274 18
TOP 18 98.20660064 129.37960154 180 N 0 273 19
TOP 19 98.20660064 128.27960374 180 N 72 0 20
TOP 20 98.20660064 127.17960594 180 N 96 0 21
TOP 21 98.20660064 126.07960814 180 N 48 0 22
TOP 22 98.20660064 124.97961034 180 N 192 0 23
TOP 23 98.20660064 123.87961254 180 N 168 3 24
#
# CMP 23
CMP 1 95.61260024 102.88160018 180 N U7 LB1020B ;0=1,1=0.0000
TOP 0 94.98659946 87.87961342 180 N 0 286 1
TOP 1 94.98659946 88.97961122 180 N 0 287 2
TOP 2 94.98659946 90.07960902 180 N 0 288 3
TOP 3 94.98659946 91.17960682 180 N 0 289 4
TOP 4 94.98659946 92.27960462 180 N 0 290 5
TOP 5 94.98659946 93.37960242 180 N 0 291 6
TOP 6 94.98659946 94.47960022 180 N 0 292 7
TOP 7 94.98659946 97.49959926 180 N 138 0 8
TOP 8 94.98659946 98.5995996 180 N 18 0 9
TOP 9 94.98659946 99.69959994 180 N 162 3 10
TOP 10 94.98659946 100.79960028 180 N 114 0 11
TOP 11 94.98659946 101.89960062 180 N 162 2 12
TOP 12 84.04660102 101.89960062 180 N 162 1 13
TOP 13 84.04660102 100.79960028 180 N 0 293 14
TOP 14 84.04660102 99.69959994 180 N 0 294 15
TOP 15 84.04660102 98.5995996 180 N 0 295 16
TOP 16 84.04660102 97.49959926 180 N 0 296 17
TOP 17 84.04660102 94.47960022 180 N 0 297 18
TOP 18 84.04660102 93.37960242 180 N 0 298 19
TOP 19 84.04660102 92.27960462 180 N 66 0 20
TOP 20 84.04660102 91.17960682 180 N 90 0 21
TOP 21 84.04660102 90.07960902 180 N 42 0 22
TOP 22 84.04660102 88.97961122 180 N 186 0 23
TOP 23 84.04660102 87.87961342 180 N 162 0 24
#
