UNITS=MM
#Layer_Physical_Order=3
#Layer_Color=36540
#
#Feature symbol names
#
$0 r254
$1 r203.2
$2 r381
$3 r508
$4 r1524

#
#Feature attribute names
#
@0 .geometry
@1 .pad_usage

#
#Feature attribute text strings
#
&0 Pad_Simple_X1524.0000Y1524.0000H1099.8200C2115.8200
&1 VIA_RoundD508.0000H304.8000C1320.8000

#
#Layer features
#
L 1.27 146.05 1.27 173.228 0 P 0
L 1.27 146.05 6.35 140.97 0 P 0
L 1.27 173.228 2.793746 174.751746 0 P 0
L 1.778 147.066 1.778 172.212 1 P 0
L 1.778 147.066 7.112 141.732 1 P 0
L 1.778 172.212 3.048 173.482 1 P 0
L 2.793746 174.751746 4.44600076 174.751746 0 P 0
L 3.048 173.482 5.71625476 173.482 1 P 0
L 5.71625476 173.482 6.98600076 174.751746 1 P 0
L 6.35 140.97 16.51 140.97 0 P 0
L 7.112 141.732 19.304 141.732 1 P 0
L 11.176 30.48 11.176 39.116 1 P 0
L 11.176 30.48 12.014454 29.641546 1 P 0
L 11.176 39.116 23.368 51.308 1 P 0
L 11.43 166.37 11.43 183.896 0 P 0
L 11.43 166.37 33.29711146 144.50288854 0 P 0
L 11.43 183.896 12.445746 184.911746 0 P 0
L 11.938 32.004 11.938 38.608 1 P 0
L 11.938 32.004 13.182854 30.759146 1 P 0
L 11.938 38.608 24.13 50.8 1 P 0
L 12.0015 166.878 12.0015 182.4355 2 P 0
L 12.0015 166.878 33.3375 145.542 2 P 0
L 12.0015 182.4355 13.208 183.642 2 P 0
L 12.014454 29.641546 15.77200046 29.641546 1 P 0
L 12.445746 184.911746 15.77200046 184.911746 0 P 0
L 12.7 167.386 12.7 179.832 1 P 0
L 12.7 167.386 16.9164 163.1696 1 P 0
L 12.7 179.832 13.97 181.102 1 P 0
L 13.182854 30.759146 16.23492308 30.759146 1 P 0
L 13.208 167.52457732 13.208 177.26774554 1 P 0
L 13.208 167.52457732 33.71737732 147.0152 1 P 0
L 13.208 177.26774554 15.77200046 179.831746 1 P 0
L 13.208 183.642 17.04225446 183.642 2 P 0
L 13.97 181.102 17.04174646 181.102 1 P 0
L 15.24 154.432 15.24 159.004 3 P 0
L 15.24 154.432 32.30891684 137.36308316 3 P 0
L 15.77200046 24.561546 16.96554646 23.368 0 P 0
L 15.77200046 34.721546 15.77200046 41.17200046 1 P 0
L 15.77200046 41.17200046 24.638 50.038 1 P 0
L 16.23492308 30.759146 17.35252308 29.641546 1 P 0
L 16.764 154.432 16.764 158.496 1 P 0
L 16.764 154.432 32.004 139.192 1 P 0
L 16.9164 163.1696 33.528 146.558 1 P 0
L 16.96554646 23.368 20.066 23.368 0 P 0
L 17.04174646 181.102 18.31200046 179.831746 1 P 0
L 17.04225446 183.642 18.31200046 184.911746 2 P 0
L 17.35252308 29.641546 18.31200046 29.641546 1 P 0
L 18.31200046 24.561546 21.336 27.58554554 1 P 0
L 18.31200046 34.721546 18.31200046 41.42600046 3 P 0
L 18.31200046 41.42600046 25.908 49.022 3 P 0
L 20.066 23.368 22.352 25.654 0 P 0
L 21.336 27.58554554 21.336 39.37 1 P 0
L 21.336 39.37 39.62600152 57.66000152 1 P 0
L 22.352 25.654 22.352 39.624 0 P 0
L 22.352 39.624 40.13400152 57.40600152 0 P 0
L 22.86 160.528 22.86 173.228 3 P 0
L 22.86 160.528 26.162 157.226 3 P 0
L 22.86 173.228 24.383746 174.751746 3 P 0
L 23.368 51.308 23.368 90.424 1 P 0
L 23.368 90.424 25.22360462 92.27960462 1 P 0
L 24.13 50.8 24.13 89.408 1 P 0
L 24.13 89.408 25.90160682 91.17960682 1 P 0
L 24.13 161.036 24.13 172.212 1 P 0
L 24.13 161.036 26.416 158.75 1 P 0
L 24.13 172.212 25.4 173.482 1 P 0
L 24.383746 174.751746 27.09800016 174.751746 3 P 0
L 24.638 50.038 24.638 88.646 1 P 0
L 24.638 88.646 26.07160902 90.07960902 1 P 0
L 25.22360462 92.27960462 28.34580564 92.27960462 1 P 0
L 25.4 173.482 28.36825416 173.482 1 P 0
L 25.90160682 91.17960682 28.34580564 91.17960682 1 P 0
L 25.908 49.022 25.908 83.058 3 P 0
L 25.908 83.058 29.10780564 86.25780564 3 P 0
L 26.07160902 90.07960902 28.34580564 90.07960902 1 P 0
L 26.416 158.75 27.94 158.75 1 P 0
L 27.0408019 123.67593502 27.0408019 127.5588 1 P 0
L 27.0408019 123.67593502 27.90392438 122.81281254 1 P 0
L 27.0408019 127.5588 27.76160564 128.27960374 1 P 0
L 27.4980019 123.86531234 27.4980019 126.746 1 P 0
L 27.4980019 123.86531234 28.0933017 123.27001254 1 P 0
L 27.4980019 126.746 27.93160784 127.17960594 1 P 0
L 27.76160564 128.27960374 28.34580564 128.27960374 1 P 0
L 27.90392438 122.81281254 37.92739176 122.81281254 1 P 0
L 27.93160784 127.17960594 28.34580564 127.17960594 1 P 0
L 27.94 158.75 28.702 157.988 1 P 0
L 28.0933017 123.27001254 37.73801444 123.27001254 1 P 0
L 28.34580564 88.97961122 29.10780564 88.21761122 3 P 0
L 28.34580564 124.97961034 36.09622702 124.97961034 2 P 0
L 28.34580564 126.07960814 36.3880019 126.07960814 0 P 0
L 28.36825416 173.482 29.63800016 174.751746 1 P 0
L 29.10780564 86.25780564 29.10780564 88.21761122 3 P 0
L 32.004 139.192 37.592 139.192 1 P 0
L 32.30891684 137.36308316 32.512 137.16 3 P 0
L 32.512 137.16 32.95640094 136.71559906 3 P 0
L 32.766 30.988 32.766 44.196 1 P 0
L 32.766 30.988 34.29 29.464 1 P 0
L 32.766 44.196 52.324 63.754 1 P 0
L 32.95640094 136.71559906 36.16796424 136.71559906 3 P 0
L 33.274 31.496 33.274 43.688 1 P 0
L 33.274 31.496 34.036 30.734 1 P 0
L 33.274 43.688 52.832 63.246 1 P 0
L 33.29711146 144.50288854 36.59911146 144.50288854 0 P 0
L 33.3375 145.542 36.576 145.542 2 P 0
L 33.528 146.558 36.83 146.558 1 P 0
L 33.528 161.544 33.528 182.626 0 P 0
L 33.528 161.544 53.34200152 141.72999848 0 P 0
L 33.528 182.626 35.813746 184.911746 0 P 0
L 33.71737732 147.0152 37.3888 147.0152 1 P 0
L 34.036 30.734 39.69399986 30.734 1 P 0
L 34.29 29.464 38.42399986 29.464 1 P 0
L 34.29 161.798 34.29 182.118 2 P 0
L 34.29 161.798 53.91350152 142.17449848 2 P 0
L 34.29 182.118 35.814 183.642 2 P 0
L 35.052 162.052 35.052 179.832 1 P 0
L 35.052 162.052 54.61200152 142.49199848 1 P 0
L 35.052 179.832 36.322 181.102 1 P 0
L 35.813746 184.911746 38.42399986 184.911746 0 P 0
L 35.814 155.702 35.814 156.464 3 P 0
L 35.814 155.702 52.24980152 139.26619848 3 P 0
L 35.814 162.306 35.814 178.562 1 P 0
L 35.814 162.306 55.06920152 143.05079848 1 P 0
L 35.814 178.562 37.083746 179.831746 1 P 0
L 35.814 183.642 39.69425386 183.642 2 P 0
L 36.09622702 124.97961034 39.7535019 128.63688522 2 P 0
L 36.16796424 136.71559906 37.77220284 136.71559906 3 P 0
L 36.322 181.102 39.69374586 181.102 1 P 0
L 36.3880019 126.07960814 39.1820019 128.87360814 0 P 0
L 36.576 145.542 39.7535019 142.3644981 2 P 0
L 36.59911146 144.50288854 39.1820019 141.9199981 0 P 0
L 36.83 146.558 40.4520019 142.9359981 1 P 0
L 37.083746 179.831746 38.42399986 179.831746 1 P 0
L 37.3888 147.0152 40.9092019 143.4947981 1 P 0
L 37.40739788 97.49959926 39.62600152 95.28099562 1 P 0
L 37.40739788 98.5995996 40.13400152 95.87299596 0 P 0
L 37.40739788 133.49959838 38.08700028 133.49959838 1 P 0
L 37.40739788 134.59959872 38.0898019 135.28200274 3 P 0
L 37.592 139.192 38.6994019 138.0845981 1 P 0
L 37.592 156.21 52.85940152 140.94259848 1 P 0
L 37.73801444 123.27001254 40.4520019 125.984 1 P 0
L 37.77220284 136.71559906 38.0898019 136.398 3 P 0
L 37.92739176 122.81281254 40.9092019 125.79462268 1 P 0
L 38.08700028 133.49959838 38.6994019 134.112 1 P 0
L 38.0898019 135.28200274 38.0898019 136.398 3 P 0
L 38.42399986 24.384 39.69399986 23.114 0 P 0
L 38.42399986 34.544 38.42399986 47.56799986 1 P 0
L 38.42399986 47.56799986 53.594 62.738 1 P 0
L 38.6994019 134.112 38.6994019 134.874 1 P 0
L 38.6994019 134.874 38.6994019 138.0845981 1 P 0
L 39.1820019 128.87360814 39.1820019 141.9199981 0 P 0
L 39.62600152 57.66000152 39.62600152 87.122 1 P 0
L 39.62600152 86.185502 39.62600152 87.122 1 P 0
L 39.62600152 87.122 39.62600152 95.28099562 1 P 0
L 39.69374586 181.102 40.96399986 179.831746 1 P 0
L 39.69399986 23.114 42.418 23.114 0 P 0
L 39.69399986 30.734 40.96399986 29.464 1 P 0
L 39.69425386 183.642 40.96399986 184.911746 2 P 0
L 39.7535019 128.63688522 39.7535019 142.3644981 2 P 0
L 40.13400152 57.40600152 40.13400152 86.614 0 P 0
L 40.13400152 86.36 40.13400152 86.614 0 P 0
L 40.13400152 86.614 40.13400152 95.87299596 0 P 0
L 40.4520019 125.984 40.4520019 142.9359981 1 P 0
L 40.9092019 125.79462268 40.9092019 143.4947981 1 P 0
L 40.96399986 24.384 43.18 26.60000014 1 P 0
L 40.96399986 34.544 40.96399986 47.05999986 3 P 0
L 40.96399986 47.05999986 54.356 60.452 3 P 0
L 41.03939976 86.87238658 41.03939976 90.61018708 1 P 0
L 41.03939976 86.87238658 42.56778634 85.344 1 P 0
L 41.03939976 90.61018708 42.71320388 92.2839912 1 P 0
L 41.43900526 123.43773128 41.43900526 127.21280374 1 P 0
L 41.43900526 123.43773128 41.92536954 122.951367 1 P 0
L 41.43900526 127.21280374 42.50580526 128.27960374 1 P 0
L 41.59819976 87.19100926 41.59819976 90.06898928 1 P 0
L 41.59819976 87.19100926 42.42482244 86.36438658 1 P 0
L 41.59819976 90.06898928 42.71320388 91.1839934 1 P 0
L 41.89620526 123.6271086 41.89620526 126.57000594 1 P 0
L 41.89620526 123.6271086 42.25330132 123.27001254 1 P 0
L 41.89620526 126.57000594 42.50580526 127.17960594 1 P 0
L 41.92536954 122.951367 42.063924 122.81281254 1 P 0
L 42.05539976 87.38038658 42.05539976 89.42619148 1 P 0
L 42.05539976 87.38038658 42.30939976 87.12638658 1 P 0
L 42.05539976 89.42619148 42.71320388 90.0839956 1 P 0
L 42.063924 122.81281254 52.08739138 122.81281254 1 P 0
L 42.25330132 123.27001254 51.89801406 123.27001254 1 P 0
L 42.30939976 87.12638658 50.08329582 87.12638658 1 P 0
L 42.418 23.114 44.196 24.892 0 P 0
L 42.42482244 86.36438658 49.92939976 86.36438658 1 P 0
L 42.50580526 124.97961034 50.25622664 124.97961034 2 P 0
L 42.50580526 126.07960814 50.54800152 126.07960814 0 P 0
L 42.56778634 85.344 47.244 85.344 1 P 0
L 42.71320388 88.9839978 49.08778854 88.9839978 3 P 0
L 43.18 26.60000014 43.18 46.228 1 P 0
L 43.18 46.228 54.9656 58.0136 1 P 0
L 44.196 24.892 44.196 44.958 0 P 0
L 44.196 44.958 55.88 56.642 0 P 0
L 45.974 159.766 45.974 173.228 3 P 0
L 45.974 159.766 48.514 157.226 3 P 0
L 45.974 173.228 47.497746 174.751746 3 P 0
L 47.244 85.344 49.8644672 82.7235328 1 P 0
L 47.244 160.528 47.244 172.466 1 P 0
L 47.244 160.528 49.53 158.242 1 P 0
L 47.244 172.466 48.26 173.482 1 P 0
L 47.497746 174.751746 49.74999956 174.751746 3 P 0
L 48.26 173.482 51.02025356 173.482 1 P 0
L 49.08778854 88.9839978 54.356 83.71578634 3 P 0
L 49.8644672 82.7235328 51.6424672 82.7235328 1 P 0
L 49.92939976 86.36438658 52.832 83.46178634 1 P 0
L 50.08329582 87.12638658 53.594 83.6156824 1 P 0
L 50.25622664 124.97961034 53.91350152 128.63688522 2 P 0
L 50.54800152 126.07960814 53.34200152 128.87360814 0 P 0
L 51.02025356 173.482 52.28999956 174.751746 1 P 0
L 51.5673975 133.49959838 52.2469999 133.49959838 1 P 0
L 51.5673975 134.59959872 52.24980152 135.28200274 3 P 0
L 51.6424672 82.7235328 52.324 82.042 1 P 0
L 51.77479612 97.50398584 53.99339976 95.2853822 1 P 0
L 51.77479612 98.60398618 54.50139976 95.87738254 0 P 0
L 51.89801406 123.27001254 54.61200152 125.984 1 P 0
L 52.08739138 122.81281254 55.06920152 125.79462268 1 P 0
L 52.2469999 133.49959838 52.85940152 134.112 1 P 0
L 52.24980152 135.28200274 52.24980152 139.26619848 3 P 0
L 52.324 63.754 52.324 82.042 1 P 0
L 52.832 63.246 52.832 83.46178634 1 P 0
L 52.85940152 134.112 52.85940152 140.94259848 1 P 0
L 53.34200152 128.87360814 53.34200152 141.72999848 0 P 0
L 53.594 62.738 53.594 83.6156824 1 P 0
L 53.91350152 128.63688522 53.91350152 142.17449848 2 P 0
L 53.99339976 84.94460024 53.99339976 86.868 1 P 0
L 53.99339976 84.94460024 54.9656 83.9724 1 P 0
L 53.99339976 86.18988858 53.99339976 86.868 1 P 0
L 53.99339976 86.868 53.99339976 95.2853822 1 P 0
L 54.356 60.452 54.356 83.71578634 3 P 0
L 54.50139976 85.19860024 54.50139976 87.122 0 P 0
L 54.50139976 85.19860024 55.88 83.82 0 P 0
L 54.50139976 86.36438658 54.50139976 87.122 0 P 0
L 54.50139976 87.122 54.50139976 95.87738254 0 P 0
L 54.61 152.654 54.61 159.258 3 P 0
L 54.61 152.654 66.35900114 140.90499886 3 P 0
L 54.61200152 125.984 54.61200152 142.49199848 1 P 0
L 54.9656 58.0136 54.9656 83.9724 1 P 0
L 54.99200076 86.868 54.99200076 90.6058005 1 P 0
L 54.99200076 86.868 56.77000076 85.09 1 P 0
L 54.99200076 90.6058005 56.66580488 92.27960462 1 P 0
L 55.06920152 125.79462268 55.06920152 143.05079848 1 P 0
L 55.372 31.242 55.372 50.546 1 P 0
L 55.372 31.242 56.972454 29.641546 1 P 0
L 55.372 50.546 66.548 61.722 1 P 0
L 55.55080076 87.18662268 55.55080076 90.0646027 1 P 0
L 55.55080076 87.18662268 56.37742344 86.36 1 P 0
L 55.55080076 90.0646027 56.66580488 91.17960682 1 P 0
L 55.59900488 123.43773128 55.59900488 127.21280374 1 P 0
L 55.59900488 123.43773128 56.22392362 122.81281254 1 P 0
L 55.59900488 127.21280374 56.66580488 128.27960374 1 P 0
L 55.88 31.38057732 55.88 50.40742268 1 P 0
L 55.88 31.38057732 56.27257732 30.988 1 P 0
L 55.88 50.40742268 67.0052 61.53262268 1 P 0
L 55.88 56.642 55.88 83.82 0 P 0
L 55.88 153.162 55.88 159.258 0 P 0
L 55.88 153.162 66.99400114 142.04799886 0 P 0
L 56.00800076 87.376 56.00800076 89.4218049 1 P 0
L 56.00800076 87.376 56.26200076 87.122 1 P 0
L 56.00800076 89.4218049 56.66580488 90.07960902 1 P 0
L 56.05620488 123.6271086 56.05620488 126.57000594 1 P 0
L 56.05620488 123.6271086 56.41330094 123.27001254 1 P 0
L 56.05620488 126.57000594 56.66580488 127.17960594 1 P 0
L 56.22392362 122.81281254 66.247391 122.81281254 1 P 0
L 56.26200076 87.122 64.03589682 87.122 1 P 0
L 56.27257732 30.988 62.26954526 30.988 1 P 0
L 56.37742344 86.36 63.88200076 86.36 1 P 0
L 56.41330094 123.27001254 66.05801368 123.27001254 1 P 0
L 56.66580488 88.97961122 63.04038954 88.97961122 3 P 0
L 56.66580488 124.97961034 64.41622626 124.97961034 2 P 0
L 56.66580488 126.07960814 64.70800114 126.07960814 0 P 0
L 56.77000076 85.09 63.754 85.09 1 P 0
L 56.896 36.83 56.896 50.292 1 P 0
L 56.896 36.83 59.004454 34.721546 1 P 0
L 56.896 50.292 67.4624 60.8584 1 P 0
L 56.896 152.908 56.896 183.134 0 P 0
L 56.896 152.908 67.50200114 142.30199886 0 P 0
L 56.896 183.134 58.673746 184.911746 0 P 0
L 56.972454 29.641546 61.07599926 29.641546 1 P 0
L 57.658 153.162 57.658 182.88 2 P 0
L 57.658 153.162 68.07350114 142.74649886 2 P 0
L 57.658 182.88 58.42 183.642 2 P 0
L 58.42 153.67 58.42 180.086 1 P 0
L 58.42 153.67 68.77200114 143.31799886 1 P 0
L 58.42 180.086 59.283346 180.949346 1 P 0
L 58.42 183.642 62.34625326 183.642 2 P 0
L 58.673746 184.911746 61.07599926 184.911746 0 P 0
L 59.004454 34.721546 61.07599926 34.721546 1 P 0
L 59.182 154.178 59.182 177.93774674 1 P 0
L 59.182 154.178 69.22920114 144.13079886 1 P 0
L 59.182 177.93774674 61.07599926 179.831746 1 P 0
L 59.283346 180.949346 62.49839926 180.949346 1 P 0
L 61.07599926 24.561546 62.26954526 23.368 0 P 0
L 62.26954526 23.368 64.77 23.368 0 P 0
L 62.26954526 30.988 63.61599926 29.641546 1 P 0
L 62.34625326 183.642 63.61599926 184.911746 2 P 0
L 62.49839926 180.949346 63.61599926 179.831746 1 P 0
L 63.04038954 88.97961122 68.072 83.94800076 3 P 0
L 63.61599926 24.561546 65.024 25.96954674 1 P 0
L 63.61599926 34.721546 63.61599926 55.99599926 3 P 0
L 63.61599926 55.99599926 68.072 60.452 3 P 0
L 63.754 85.09 65.786 83.058 1 P 0
L 63.88200076 86.36 67.0052 83.23680076 1 P 0
L 64.03589682 87.122 67.4624 83.69549682 1 P 0
L 64.41622626 124.97961034 68.07350114 128.63688522 2 P 0
L 64.70800114 126.07960814 67.50200114 128.87360814 0 P 0
L 64.77 23.368 65.786 24.384 0 P 0
L 65.024 25.96954674 65.024 56.54189606 1 P 0
L 65.024 56.54189606 68.6816 60.19949606 1 P 0
L 65.72739712 97.49959926 67.94600076 95.28099562 1 P 0
L 65.72739712 98.5995996 68.45400076 95.87299596 0 P 0
L 65.72739712 133.49959838 66.99400114 134.7662024 0 P 0
L 65.72739712 134.59959872 66.35900114 135.23120274 3 P 0
L 65.786 24.384 65.786 56.134 0 P 0
L 65.786 56.134 69.1642 59.5122 0 P 0
L 65.786 83.058 66.548 82.296 1 P 0
L 66.05801368 123.27001254 68.77200114 125.984 1 P 0
L 66.247391 122.81281254 69.22920114 125.79462268 1 P 0
L 66.35900114 135.23120274 66.35900114 140.90499886 3 P 0
L 66.548 61.722 66.548 82.296 1 P 0
L 66.99400114 134.7662024 66.99400114 142.04799886 0 P 0
L 67.0052 61.53262268 67.0052 83.23680076 1 P 0
L 67.4624 60.8584 67.4624 83.69549682 1 P 0
L 67.50200114 128.87360814 67.50200114 142.30199886 0 P 0
L 67.818 162.306 67.818 173.228 0 P 0
L 67.818 162.306 71.628 158.496 0 P 0
L 67.818 173.228 69.341746 174.751746 0 P 0
L 67.94600076 85.21599924 67.94600076 87.376 1 P 0
L 67.94600076 85.21599924 68.6816 84.4804 1 P 0
L 67.94600076 86.185502 67.94600076 87.376 1 P 0
L 67.94600076 87.376 67.94600076 95.28099562 1 P 0
L 68.072 60.452 68.072 83.94800076 3 P 0
L 68.07350114 128.63688522 68.07350114 142.74649886 2 P 0
L 68.45400076 85.46999924 68.45400076 95.87299596 0 P 0
L 68.45400076 85.46999924 69.1642 84.7598 0 P 0
L 68.58 163.322 68.58 171.704 1 P 0
L 68.58 163.322 72.39 159.512 1 P 0
L 68.58 171.704 70.358 173.482 1 P 0
L 68.6816 60.19949606 68.6816 84.4804 1 P 0
L 68.77200114 125.984 68.77200114 143.31799886 1 P 0
L 68.97939976 86.87238658 68.97939976 90.61018708 1 P 0
L 68.97939976 86.87238658 69.99539976 85.85638658 1 P 0
L 68.97939976 90.61018708 70.65320388 92.2839912 1 P 0
L 69.1642 59.5122 69.1642 84.7598 0 P 0
L 69.22920114 125.79462268 69.22920114 144.13079886 1 P 0
L 69.341746 174.751746 72.40199896 174.751746 0 P 0
L 69.53819976 87.19100926 69.53819976 90.06898928 1 P 0
L 69.53819976 87.19100926 70.36482244 86.36438658 1 P 0
L 69.53819976 90.06898928 70.65320388 91.1839934 1 P 0
L 69.7590045 123.43773128 69.7590045 127.21280374 1 P 0
L 69.7590045 123.43773128 70.38392324 122.81281254 1 P 0
L 69.7590045 127.21280374 70.8258045 128.27960374 1 P 0
L 69.99539976 85.85638658 70.358 85.85638658 1 P 0
L 69.99539976 87.38038658 69.99539976 89.42619148 1 P 0
L 69.99539976 87.38038658 70.24939976 87.12638658 1 P 0
L 69.99539976 89.42619148 70.65320388 90.0839956 1 P 0
L 70.2162045 123.6271086 70.2162045 126.57000594 1 P 0
L 70.2162045 123.6271086 70.57330056 123.27001254 1 P 0
L 70.2162045 126.57000594 70.8258045 127.17960594 1 P 0
L 70.24939976 87.12638658 78.02329582 87.12638658 1 P 0
L 70.358 85.85638658 77.36139976 85.85638658 1 P 0
L 70.358 173.482 73.67225296 173.482 1 P 0
L 70.36482244 86.36438658 77.86939976 86.36438658 1 P 0
L 70.38392324 122.81281254 80.40739062 122.81281254 1 P 0
L 70.57330056 123.27001254 80.2180133 123.27001254 1 P 0
L 70.65320388 88.9839978 77.02778854 88.9839978 3 P 0
L 70.8258045 124.97961034 78.57622588 124.97961034 2 P 0
L 70.8258045 126.07960814 78.86800076 126.07960814 0 P 0
L 71.628 154.432 71.628 158.496 0 P 0
L 71.628 154.432 72.644 153.416 0 P 0
L 72.39 155.448 72.39 159.512 1 P 0
L 72.39 155.448 73.406 154.432 1 P 0
L 73.67225296 173.482 74.94199896 174.751746 1 P 0
L 75.946 152.4 75.946 159.766 3 P 0
L 75.946 152.4 79.88739674 148.45860326 3 P 0
L 77.02778854 88.9839978 82.55 83.46178634 3 P 0
L 77.216 152.654 77.216 159.766 1 P 0
L 77.216 152.654 81.026 148.844 1 P 0
L 77.36139976 85.85638658 80.772 82.44578634 1 P 0
L 77.86939976 86.36438658 81.28 82.95378634 1 P 0
L 78.02329582 87.12638658 81.788 83.3616824 1 P 0
L 78.232 152.908 78.232 183.388 0 P 0
L 78.232 152.908 81.66200076 149.47799924 0 P 0
L 78.232 183.388 79.755746 184.911746 0 P 0
L 78.57622588 124.97961034 82.23350076 128.63688522 2 P 0
L 78.8035 153.14472292 78.8035 182.4355 2 P 0
L 78.8035 153.14472292 82.23350076 149.71472216 2 P 0
L 78.8035 182.4355 80.01 183.642 2 P 0
L 78.86800076 126.07960814 81.66200076 128.87360814 0 P 0
L 79.502 153.416 79.502 180.086 1 P 0
L 79.502 153.416 82.93200076 149.98599924 1 P 0
L 79.502 180.086 80.518 181.102 1 P 0
L 79.71479612 97.50398584 81.93339976 95.2853822 1 P 0
L 79.71479612 98.60398618 82.44139976 95.87738254 0 P 0
L 79.755746 184.911746 83.72799866 184.911746 0 P 0
L 79.88739674 133.49959838 80.07940042 133.49959838 1 P 0
L 79.88739674 134.59959872 80.4164 135.12860198 3 P 0
L 79.88739674 148.45860326 80.4164 147.9296 3 P 0
L 80.01 153.924 80.01 178.308 1 P 0
L 80.01 153.924 83.38920076 150.54479924 1 P 0
L 80.01 178.308 81.533746 179.831746 1 P 0
L 80.01 183.642 84.99825266 183.642 2 P 0
L 80.07940042 133.49959838 81.026 134.44619796 1 P 0
L 80.2180133 123.27001254 82.93200076 125.984 1 P 0
L 80.40739062 122.81281254 83.38920076 125.79462268 1 P 0
L 80.4164 135.12860198 80.4164 147.9296 3 P 0
L 80.518 181.102 84.99774466 181.102 1 P 0
L 80.772 30.988 80.772 82.44578634 1 P 0
L 80.772 30.988 82.118454 29.641546 1 P 0
L 81.026 134.44619796 81.026 148.844 1 P 0
L 81.28 32.004 81.28 82.95378634 1 P 0
L 81.28 32.004 82.296 30.988 1 P 0
L 81.533746 179.831746 83.72799866 179.831746 1 P 0
L 81.66200076 128.87360814 81.66200076 149.47799924 0 P 0
L 81.788 36.66154466 81.788 83.3616824 1 P 0
L 81.788 36.66154466 83.72799866 34.721546 1 P 0
L 81.93339976 85.19860024 81.93339976 95.2853822 1 P 0
L 81.93339976 85.19860024 83.1596 83.9724 1 P 0
L 82.118454 29.641546 83.72799866 29.641546 1 P 0
L 82.23350076 128.63688522 82.23350076 149.71472216 2 P 0
L 82.296 30.988 84.92154466 30.988 1 P 0
L 82.44139976 85.45260024 82.44139976 95.87738254 0 P 0
L 82.44139976 85.45260024 83.82 84.074 0 P 0
L 82.55 39.878 82.55 83.46178634 3 P 0
L 82.55 39.878 86.26799866 36.16000134 3 P 0
L 82.93200076 125.984 82.93200076 149.98599924 1 P 0
L 83.1596 40.7924 83.1596 83.9724 1 P 0
L 83.1596 40.7924 87.884 36.068 1 P 0
L 83.312 86.868 83.312 90.6058005 1 P 0
L 83.312 86.868 84.328 85.852 1 P 0
L 83.312 90.6058005 84.98580412 92.27960462 1 P 0
L 83.38920076 125.79462268 83.38920076 150.54479924 1 P 0
L 83.72799866 24.561546 84.65155282 24.561546 0 P 0
L 83.82 41.148 83.82 84.074 0 P 0
L 83.82 41.148 88.392 36.576 0 P 0
L 83.8708 87.18662268 83.8708 90.0646027 1 P 0
L 83.8708 87.18662268 84.69742268 86.36 1 P 0
L 83.8708 90.0646027 84.98580412 91.17960682 1 P 0
L 83.91900412 123.43773128 83.91900412 127.21280374 1 P 0
L 83.91900412 123.43773128 84.54392286 122.81281254 1 P 0
L 83.91900412 127.21280374 84.98580412 128.27960374 1 P 0
L 84.328 85.852 91.694 85.852 1 P 0
L 84.328 87.376 84.328 89.4218049 1 P 0
L 84.328 87.376 84.582 87.122 1 P 0
L 84.328 89.4218049 84.98580412 90.07960902 1 P 0
L 84.37620412 123.6271086 84.37620412 126.57000594 1 P 0
L 84.37620412 123.6271086 84.73330018 123.27001254 1 P 0
L 84.37620412 126.57000594 84.98580412 127.17960594 1 P 0
L 84.54392286 122.81281254 94.56739024 122.81281254 1 P 0
L 84.582 87.122 92.35589606 87.122 1 P 0
L 84.65155282 24.561546 85.79455282 23.418546 0 P 0
L 84.69742268 86.36 92.202 86.36 1 P 0
L 84.73330018 123.27001254 94.37801292 123.27001254 1 P 0
L 84.92154466 30.988 86.26799866 29.641546 1 P 0
L 84.98580412 88.97961122 91.36038878 88.97961122 3 P 0
L 84.98580412 124.97961034 92.7362255 124.97961034 2 P 0
L 84.98580412 126.07960814 93.02800038 126.07960814 0 P 0
L 84.99774466 181.102 86.26799866 179.831746 1 P 0
L 84.99825266 183.642 86.26799866 184.911746 2 P 0
L 85.79455282 23.418546 86.7414445 23.418546 0 P 0
L 86.26799866 24.561546 87.884 26.17754734 1 P 0
L 86.26799866 34.721546 86.26799866 36.16000134 3 P 0
L 86.7414445 23.418546 88.392 25.0691015 0 P 0
L 87.122 158.496 87.122 161.29 3 P 0
L 87.122 161.29 90.932 165.1 3 P 0
L 87.884 26.17754734 87.884 36.068 1 P 0
L 88.138 158.75 88.138 161.036 1 P 0
L 88.138 161.036 91.694 164.592 1 P 0
L 88.392 25.0691015 88.392 36.576 0 P 0
L 90.932 165.1 90.932 172.72 3 P 0
L 90.932 172.72 92.963746 174.751746 3 P 0
L 91.36038878 88.97961122 97.1804 83.1596 3 P 0
L 91.694 85.852 95.5548 81.9912 1 P 0
L 91.694 164.592 91.694 172.466 1 P 0
L 91.694 172.466 92.71 173.482 1 P 0
L 92.202 86.36 96.012 82.55 1 P 0
L 92.35589606 87.122 96.5708 82.90709606 1 P 0
L 92.71 173.482 96.32425236 173.482 1 P 0
L 92.7362255 124.97961034 96.39350038 128.63688522 2 P 0
L 92.963746 174.751746 95.05399836 174.751746 3 P 0
L 93.02800038 126.07960814 95.82200038 128.87360814 0 P 0
L 94.04739636 97.49959926 96.266 95.28099562 1 P 0
L 94.04739636 98.5995996 96.774 95.87299596 0 P 0
L 94.04739636 133.49959838 94.996 134.44820202 1 P 0
L 94.04739636 134.59959872 94.24480262 134.79700498 3 P 0
L 94.24480262 134.79700498 94.24480262 153.93480262 3 P 0
L 94.24480262 153.93480262 98.298 157.988 3 P 0
L 94.37801292 123.27001254 97.09200038 125.984 1 P 0
L 94.56739024 122.81281254 97.54920038 125.79462268 1 P 0
L 94.996 134.44820202 94.996 153.416 1 P 0
L 94.996 153.416 98.298 156.718 1 P 0
L 95.5548 61.1632 95.5548 81.9912 1 P 0
L 95.5548 61.1632 104.4448 52.2732 1 P 0
L 95.82200038 128.87360814 95.82200038 144.272 0 P 0
L 95.82200038 144.272 95.82200038 150.17800038 0 P 0
L 95.82200038 150.17800038 101.092 155.448 0 P 0
L 96.012 61.722 96.012 82.55 1 P 0
L 96.012 61.722 104.902 52.832 1 P 0
L 96.266 86.185502 96.266 95.28099562 1 P 0
L 96.266 86.185502 97.79 84.661502 1 P 0
L 96.32425236 173.482 97.59399836 174.751746 1 P 0
L 96.39350038 128.63688522 96.39350038 149.22550038 2 P 0
L 96.39350038 149.22550038 101.854 154.686 2 P 0
L 96.5708 61.9252 96.5708 82.90709606 1 P 0
L 96.5708 61.9252 106.37999806 52.11600194 1 P 0
L 96.774 86.36 96.774 95.87299596 0 P 0
L 96.774 86.36 98.298 84.836 0 P 0
L 97.09200038 125.984 97.09200038 148.65400038 1 P 0
L 97.09200038 148.65400038 102.616 154.178 1 P 0
L 97.1804 62.5856 97.1804 83.1596 3 P 0
L 97.1804 62.5856 108.91999806 50.84600194 3 P 0
L 97.3836 87.2744 97.3836 90.51740088 1 P 0
L 97.3836 87.2744 98.552 86.106 1 P 0
L 97.3836 90.51740088 99.14580374 92.27960462 1 P 0
L 97.54920038 125.79462268 97.54920038 148.09520038 1 P 0
L 97.54920038 148.09520038 103.124 153.67 1 P 0
L 97.79 62.992 97.79 84.661502 1 P 0
L 97.79 62.992 112.268 48.514 1 P 0
L 97.8408 87.6759359 97.8408 89.87460308 1 P 0
L 97.8408 87.6759359 98.9027359 86.614 1 P 0
L 97.8408 89.87460308 99.14580374 91.17960682 1 P 0
L 98.07900374 123.43773128 98.07900374 127.21280374 1 P 0
L 98.07900374 123.43773128 98.70392248 122.81281254 1 P 0
L 98.07900374 127.21280374 99.14580374 128.27960374 1 P 0
L 98.298 63.246 98.298 84.836 0 P 0
L 98.298 63.246 113.03 48.514 0 P 0
L 98.298 87.86531322 98.298 89.23180528 1 P 0
L 98.298 87.86531322 99.04131322 87.122 1 P 0
L 98.298 89.23180528 99.14580374 90.07960902 1 P 0
L 98.53620374 123.6271086 98.53620374 126.33211208 1 P 0
L 98.53620374 123.6271086 98.8932998 123.27001254 1 P 0
L 98.53620374 126.33211208 99.14580374 126.94171208 1 P 0
L 98.552 86.106 125.984 86.106 1 P 0
L 98.70392248 122.81281254 108.72738986 122.81281254 1 P 0
L 98.8932998 123.27001254 108.53801254 123.27001254 1 P 0
L 98.9027359 86.614 126.492 86.614 1 P 0
L 99.04131322 87.122 127.254 87.122 1 P 0
L 99.14580374 88.97961122 127.93638624 88.97961122 3 P 0
L 99.14580374 124.97961034 106.89622512 124.97961034 2 P 0
L 99.14580374 126.07960814 107.188 126.07960814 0 P 0
L 99.14580374 126.94171208 99.14580374 127.17960594 1 P 0
L 101.092 155.448 101.092 179.62374794 0 P 0
L 101.092 179.62374794 106.37999806 184.911746 0 P 0
L 101.854 154.686 101.854 179.57752502 2 P 0
L 101.854 179.57752502 105.91847498 183.642 2 P 0
L 102.616 154.178 102.616 179.324 1 P 0
L 102.616 179.324 104.394 181.102 1 P 0
L 103.124 153.67 103.124 178.054 1 P 0
L 103.124 178.054 104.901746 179.831746 1 P 0
L 104.394 181.102 107.64974406 181.102 1 P 0
L 104.4448 31.56062268 104.4448 52.2732 1 P 0
L 104.4448 31.56062268 106.36387668 29.641546 1 P 0
L 104.901746 179.831746 106.37999806 179.831746 1 P 0
L 104.902 31.75 104.902 52.832 1 P 0
L 104.902 31.75 105.664 30.988 1 P 0
L 105.664 30.988 107.57354406 30.988 1 P 0
L 105.91847498 183.642 107.65025206 183.642 2 P 0
L 106.36387668 29.641546 106.37999806 29.641546 1 P 0
L 106.37999806 24.561546 107.57354406 23.368 0 P 0
L 106.37999806 34.721546 106.37999806 52.11600194 1 P 0
L 106.89622512 124.97961034 110.5535 128.63688522 2 P 0
L 107.188 126.07960814 109.982 128.87360814 0 P 0
L 107.57354406 23.368 110.49 23.368 0 P 0
L 107.57354406 30.988 108.91999806 29.641546 1 P 0
L 107.64974406 181.102 108.91999806 179.831746 1 P 0
L 107.65025206 183.642 108.91999806 184.911746 2 P 0
L 108.53801254 123.27001254 111.252 125.984 1 P 0
L 108.72738986 122.81281254 111.7092 125.79462268 1 P 0
L 108.91999806 24.561546 110.159546 24.561546 1 P 0
L 108.91999806 34.721546 108.91999806 50.84600194 3 P 0
L 109.982 128.87360814 109.982 146.05 0 P 0
L 109.982 146.05 124.46 160.528 0 P 0
L 110.159546 24.561546 112.268 26.67 1 P 0
L 110.49 23.368 113.03 25.908 0 P 0
L 110.5535 128.63688522 110.5535 145.6055 2 P 0
L 110.5535 145.6055 125.222 160.274 2 P 0
L 111.252 125.984 111.252 145.034 1 P 0
L 111.252 145.034 125.984 159.766 1 P 0
L 111.7092 125.79462268 111.7092 144.2212 1 P 0
L 111.7092 144.2212 126.746 159.258 1 P 0
L 112.268 26.67 112.268 48.514 1 P 0
L 113.03 25.908 113.03 48.514 0 P 0
L 113.36359852 97.50199956 119.93359808 90.932 0 P 0
L 113.49839886 98.6019999 120.40639876 91.694 0 P 0
L 113.66219838 133.49959838 114.6556 134.493 0 P 0
L 113.79699872 134.59959872 113.79699872 138.68899872 0 P 0
L 113.79699872 138.68899872 134.874 159.766 0 P 0
L 114.6556 134.493 114.6556 138.2776 0 P 0
L 114.6556 138.2776 135.382 159.004 0 P 0
L 119.93359808 90.932 128.27 90.932 0 P 0
L 120.40639876 91.694 129.032 91.694 0 P 0
L 124.46 160.528 124.46 180.33974854 0 P 0
L 124.46 180.33974854 129.03199746 184.911746 0 P 0
L 125.222 160.274 125.222 180.26799608 2 P 0
L 125.222 180.26799608 128.53224992 183.578246 2 P 0
L 125.984 86.106 129.54 82.55 1 P 0
L 125.984 159.766 125.984 179.832 1 P 0
L 125.984 179.832 127.254 181.102 1 P 0
L 126.492 86.614 130.048 83.058 1 P 0
L 126.746 30.988 126.746 38.862 1 P 0
L 126.746 30.988 127.889 29.845 1 P 0
L 126.746 38.862 129.54 41.656 1 P 0
L 126.746 159.258 126.746 178.816 1 P 0
L 126.746 178.816 127.761746 179.831746 1 P 0
L 127.254 87.122 130.556 83.82 1 P 0
L 127.254 181.102 130.30174346 181.102 1 P 0
L 127.508 31.75 127.508 38.1 1 P 0
L 127.508 31.75 128.016 31.242 1 P 0
L 127.508 38.1 130.048 40.64 1 P 0
L 127.761746 179.831746 129.03199746 179.831746 1 P 0
L 127.889 29.845 129.03199746 29.845 1 P 0
L 127.93638624 88.97961122 131.57199746 85.344 3 P 0
L 128.016 31.242 130.17499746 31.242 1 P 0
L 128.27 90.932 133.096 86.106 0 P 0
L 128.53224992 183.578246 130.23849746 183.578246 2 P 0
L 129.03199746 24.765 130.42899746 23.368 0 P 0
L 129.03199746 34.925 130.556 36.44900254 1 P 0
L 129.03199746 174.751746 130.30174346 173.482 0 P 0
L 129.032 91.694 133.858 86.868 0 P 0
L 129.54 41.656 129.54 82.55 1 P 0
L 130.048 40.64 130.048 83.058 1 P 0
L 130.17499746 31.242 131.57199746 29.845 1 P 0
L 130.23849746 183.578246 131.57199746 184.911746 2 P 0
L 130.30174346 173.482 133.35 173.482 0 P 0
L 130.30174346 181.102 131.57199746 179.831746 1 P 0
L 130.42899746 23.368 132.334 23.368 0 P 0
L 130.556 36.44900254 130.556 83.82 1 P 0
L 131.57199746 24.765 133.096 26.28900254 0 P 0
L 131.57199746 34.925 131.57199746 85.344 3 P 0
L 131.57199746 174.751746 133.604254 174.751746 0 P 0
L 132.334 23.368 133.858 24.892 0 P 0
L 133.096 26.28900254 133.096 86.106 0 P 0
L 133.35 173.482 134.874 171.958 0 P 0
L 133.604254 174.751746 135.382 172.974 0 P 0
L 133.858 24.892 133.858 86.868 0 P 0
L 134.874 159.766 134.874 171.958 0 P 0
L 135.382 159.004 135.382 172.974 0 P 0
P 4.44600076 174.751746 4 P 0 0 ;0=0,1=0
P 6.98600076 174.751746 4 P 0 0 ;0=0,1=0
P 15.77200046 24.561546 4 P 0 0 ;0=0,1=0
P 15.77200046 29.641546 4 P 0 0 ;0=0,1=0
P 15.77200046 34.721546 4 P 0 0 ;0=0,1=0
P 15.77200046 179.831746 4 P 0 0 ;0=0,1=0
P 15.77200046 184.911746 4 P 0 0 ;0=0,1=0
P 18.31200046 24.561546 4 P 0 0 ;0=0,1=0
P 18.31200046 29.641546 4 P 0 0 ;0=0,1=0
P 18.31200046 34.721546 4 P 0 0 ;0=0,1=0
P 18.31200046 179.831746 4 P 0 0 ;0=0,1=0
P 18.31200046 184.911746 4 P 0 0 ;0=0,1=0
P 27.09800016 174.751746 4 P 0 0 ;0=0,1=0
P 29.63800016 174.751746 4 P 0 0 ;0=0,1=0
P 38.42399986 24.384 4 P 0 0 ;0=0,1=0
P 38.42399986 29.464 4 P 0 0 ;0=0,1=0
P 38.42399986 34.544 4 P 0 0 ;0=0,1=0
P 38.42399986 179.831746 4 P 0 0 ;0=0,1=0
P 38.42399986 184.911746 4 P 0 0 ;0=0,1=0
P 40.96399986 24.384 4 P 0 0 ;0=0,1=0
P 40.96399986 29.464 4 P 0 0 ;0=0,1=0
P 40.96399986 34.544 4 P 0 0 ;0=0,1=0
P 40.96399986 179.831746 4 P 0 0 ;0=0,1=0
P 40.96399986 184.911746 4 P 0 0 ;0=0,1=0
P 49.74999956 174.751746 4 P 0 0 ;0=0,1=0
P 52.28999956 174.751746 4 P 0 0 ;0=0,1=0
P 61.07599926 24.561546 4 P 0 0 ;0=0,1=0
P 61.07599926 29.641546 4 P 0 0 ;0=0,1=0
P 61.07599926 34.721546 4 P 0 0 ;0=0,1=0
P 61.07599926 179.831746 4 P 0 0 ;0=0,1=0
P 61.07599926 184.911746 4 P 0 0 ;0=0,1=0
P 63.61599926 24.561546 4 P 0 0 ;0=0,1=0
P 63.61599926 29.641546 4 P 0 0 ;0=0,1=0
P 63.61599926 34.721546 4 P 0 0 ;0=0,1=0
P 63.61599926 179.831746 4 P 0 0 ;0=0,1=0
P 63.61599926 184.911746 4 P 0 0 ;0=0,1=0
P 72.40199896 174.751746 4 P 0 0 ;0=0,1=0
P 74.94199896 174.751746 4 P 0 0 ;0=0,1=0
P 83.72799866 24.561546 4 P 0 0 ;0=0,1=0
P 83.72799866 29.641546 4 P 0 0 ;0=0,1=0
P 83.72799866 34.721546 4 P 0 0 ;0=0,1=0
P 83.72799866 179.831746 4 P 0 0 ;0=0,1=0
P 83.72799866 184.911746 4 P 0 0 ;0=0,1=0
P 86.26799866 24.561546 4 P 0 0 ;0=0,1=0
P 86.26799866 29.641546 4 P 0 0 ;0=0,1=0
P 86.26799866 34.721546 4 P 0 0 ;0=0,1=0
P 86.26799866 179.831746 4 P 0 0 ;0=0,1=0
P 86.26799866 184.911746 4 P 0 0 ;0=0,1=0
P 95.05399836 174.751746 4 P 0 0 ;0=0,1=0
P 97.59399836 174.751746 4 P 0 0 ;0=0,1=0
P 106.37999806 24.561546 4 P 0 0 ;0=0,1=0
P 106.37999806 29.641546 4 P 0 0 ;0=0,1=0
P 106.37999806 34.721546 4 P 0 0 ;0=0,1=0
P 106.37999806 179.831746 4 P 0 0 ;0=0,1=0
P 106.37999806 184.911746 4 P 0 0 ;0=0,1=0
P 108.91999806 24.561546 4 P 0 0 ;0=0,1=0
P 108.91999806 29.641546 4 P 0 0 ;0=0,1=0
P 108.91999806 34.721546 4 P 0 0 ;0=0,1=0
P 108.91999806 179.831746 4 P 0 0 ;0=0,1=0
P 108.91999806 184.911746 4 P 0 0 ;0=0,1=0
P 129.03199746 24.765 4 P 0 0 ;0=0,1=0
P 129.03199746 29.845 4 P 0 0 ;0=0,1=0
P 129.03199746 34.925 4 P 0 0 ;0=0,1=0
P 129.03199746 174.751746 4 P 0 0 ;0=0,1=0
P 129.03199746 179.831746 4 P 0 0 ;0=0,1=0
P 129.03199746 184.911746 4 P 0 0 ;0=0,1=0
P 131.57199746 24.765 4 P 0 0 ;0=0,1=0
P 131.57199746 29.845 4 P 0 0 ;0=0,1=0
P 131.57199746 34.925 4 P 0 0 ;0=0,1=0
P 131.57199746 174.751746 4 P 0 0 ;0=0,1=0
P 131.57199746 179.831746 4 P 0 0 ;0=0,1=0
P 131.57199746 184.911746 4 P 0 0 ;0=0,1=0
P 15.24 159.004 3 P 0 0 ;0=1,1=1
P 16.51 140.97 3 P 0 0 ;0=1,1=1
P 16.764 158.496 3 P 0 0 ;0=1,1=1
P 19.304 141.732 3 P 0 0 ;0=1,1=1
P 26.162 157.226 3 P 0 0 ;0=1,1=1
P 28.34580564 88.97961122 3 P 0 0 ;0=1,1=1
P 28.34580564 90.07960902 3 P 0 0 ;0=1,1=1
P 28.34580564 91.17960682 3 P 0 0 ;0=1,1=1
P 28.34580564 92.27960462 3 P 0 0 ;0=1,1=1
P 28.34580564 124.97961034 3 P 0 0 ;0=1,1=1
P 28.34580564 126.07960814 3 P 0 0 ;0=1,1=1
P 28.34580564 127.17960594 3 P 0 0 ;0=1,1=1
P 28.34580564 128.27960374 3 P 0 0 ;0=1,1=1
P 28.702 157.988 3 P 0 0 ;0=1,1=1
P 35.814 156.464 3 P 0 0 ;0=1,1=1
P 37.40739788 97.49959926 3 P 0 0 ;0=1,1=1
P 37.40739788 98.5995996 3 P 0 0 ;0=1,1=1
P 37.40739788 133.49959838 3 P 0 0 ;0=1,1=1
P 37.40739788 134.59959872 3 P 0 0 ;0=1,1=1
P 37.592 156.21 3 P 0 0 ;0=1,1=1
P 42.50580526 124.97961034 3 P 0 0 ;0=1,1=1
P 42.50580526 126.07960814 3 P 0 0 ;0=1,1=1
P 42.50580526 127.17960594 3 P 0 0 ;0=1,1=1
P 42.50580526 128.27960374 3 P 0 0 ;0=1,1=1
P 42.71320388 88.9839978 3 P 0 0 ;0=1,1=1
P 42.71320388 90.0839956 3 P 0 0 ;0=1,1=1
P 42.71320388 91.1839934 3 P 0 0 ;0=1,1=1
P 42.71320388 92.2839912 3 P 0 0 ;0=1,1=1
P 48.514 157.226 3 P 0 0 ;0=1,1=1
P 49.53 158.242 3 P 0 0 ;0=1,1=1
P 51.5673975 133.49959838 3 P 0 0 ;0=1,1=1
P 51.5673975 134.59959872 3 P 0 0 ;0=1,1=1
P 51.77479612 97.50398584 3 P 0 0 ;0=1,1=1
P 51.77479612 98.60398618 3 P 0 0 ;0=1,1=1
P 54.61 159.258 3 P 0 0 ;0=1,1=1
P 55.88 159.258 3 P 0 0 ;0=1,1=1
P 56.66580488 88.97961122 3 P 0 0 ;0=1,1=1
P 56.66580488 90.07960902 3 P 0 0 ;0=1,1=1
P 56.66580488 91.17960682 3 P 0 0 ;0=1,1=1
P 56.66580488 92.27960462 3 P 0 0 ;0=1,1=1
P 56.66580488 124.97961034 3 P 0 0 ;0=1,1=1
P 56.66580488 126.07960814 3 P 0 0 ;0=1,1=1
P 56.66580488 127.17960594 3 P 0 0 ;0=1,1=1
P 56.66580488 128.27960374 3 P 0 0 ;0=1,1=1
P 65.72739712 97.49959926 3 P 0 0 ;0=1,1=1
P 65.72739712 98.5995996 3 P 0 0 ;0=1,1=1
P 65.72739712 133.49959838 3 P 0 0 ;0=1,1=1
P 65.72739712 134.59959872 3 P 0 0 ;0=1,1=1
P 70.65320388 88.9839978 3 P 0 0 ;0=1,1=1
P 70.65320388 90.0839956 3 P 0 0 ;0=1,1=1
P 70.65320388 91.1839934 3 P 0 0 ;0=1,1=1
P 70.65320388 92.2839912 3 P 0 0 ;0=1,1=1
P 70.8258045 124.97961034 3 P 0 0 ;0=1,1=1
P 70.8258045 126.07960814 3 P 0 0 ;0=1,1=1
P 70.8258045 127.17960594 3 P 0 0 ;0=1,1=1
P 70.8258045 128.27960374 3 P 0 0 ;0=1,1=1
P 72.644 153.416 3 P 0 0 ;0=1,1=1
P 73.406 154.432 3 P 0 0 ;0=1,1=1
P 75.946 159.766 3 P 0 0 ;0=1,1=1
P 77.216 159.766 3 P 0 0 ;0=1,1=1
P 79.71479612 97.50398584 3 P 0 0 ;0=1,1=1
P 79.71479612 98.60398618 3 P 0 0 ;0=1,1=1
P 79.88739674 133.49959838 3 P 0 0 ;0=1,1=1
P 79.88739674 134.59959872 3 P 0 0 ;0=1,1=1
P 84.98580412 88.97961122 3 P 0 0 ;0=1,1=1
P 84.98580412 90.07960902 3 P 0 0 ;0=1,1=1
P 84.98580412 91.17960682 3 P 0 0 ;0=1,1=1
P 84.98580412 92.27960462 3 P 0 0 ;0=1,1=1
P 84.98580412 124.97961034 3 P 0 0 ;0=1,1=1
P 84.98580412 126.07960814 3 P 0 0 ;0=1,1=1
P 84.98580412 127.17960594 3 P 0 0 ;0=1,1=1
P 84.98580412 128.27960374 3 P 0 0 ;0=1,1=1
P 87.122 158.496 3 P 0 0 ;0=1,1=1
P 88.138 158.75 3 P 0 0 ;0=1,1=1
P 94.04739636 97.49959926 3 P 0 0 ;0=1,1=1
P 94.04739636 98.5995996 3 P 0 0 ;0=1,1=1
P 94.04739636 133.49959838 3 P 0 0 ;0=1,1=1
P 94.04739636 134.59959872 3 P 0 0 ;0=1,1=1
P 98.298 156.718 3 P 0 0 ;0=1,1=1
P 98.298 157.988 3 P 0 0 ;0=1,1=1
P 99.14580374 88.97961122 3 P 0 0 ;0=1,1=1
P 99.14580374 90.07960902 3 P 0 0 ;0=1,1=1
P 99.14580374 91.17960682 3 P 0 0 ;0=1,1=1
P 99.14580374 92.27960462 3 P 0 0 ;0=1,1=1
P 99.14580374 124.97961034 3 P 0 0 ;0=1,1=1
P 99.14580374 126.07960814 3 P 0 0 ;0=1,1=1
P 99.14580374 127.17960594 3 P 0 0 ;0=1,1=1
P 99.14580374 128.27960374 3 P 0 0 ;0=1,1=1
P 113.36359852 97.50199956 3 P 0 0 ;0=1,1=1
P 113.49839886 98.6019999 3 P 0 0 ;0=1,1=1
P 113.66219838 133.49959838 3 P 0 0 ;0=1,1=1
P 113.79699872 134.59959872 3 P 0 0 ;0=1,1=1
