190.5562
183.4132
175.674
167.6467
159.5647
151.5975
143.8624
136.4361
129.3641
122.6678
116.3519
110.4098
104.8272
99.5847
94.6608
90.0326
85.6778
81.5747
77.7031
74.0442
70.5811
67.2987
64.1834
61.2233
58.408
55.7284
53.1766
50.7456
48.4294
46.2224
44.1201
42.118
40.2121
38.3988
36.6746
35.0362
33.4802
32.0035
30.6028
29.275
28.017
26.8255
25.6972
24.629
23.6176
22.6597
21.7522
20.8916
20.0749
19.2988
18.56
18.4818
18.1489
17.6316
16.9917
16.2797
15.535
14.7867
14.0551
13.3536
12.69
12.0684
11.49
10.9539
10.4582
10
9.5762
9.1835
8.8186
8.4784
8.16
7.8608
7.5785
7.3109
7.0564
6.8133
6.5806
6.357
6.1418
5.9343
5.734
5.5405
5.3534
5.1725
4.9976
4.8286
4.6652
4.5073
4.3548
4.2075
4.065
3.9271
3.7936
3.6639
3.5377
3.4146
3.2939
3.1752
3.0579
2.9414
2.825
2.7762
2.7179
2.6523
2.5817
2.5076
2.4319
2.3557
2.2803
2.2065
2.135
2.0661
2.0004
1.9378
1.8785
1.8225
1.7696
1.7197
1.6727
1.6282
1.586
1.5458
1.5075
1.4707
1.4352
1.4006
1.3669
1.3337
1.3009
1.2684
1.236
1.2037
1.1714
1.139
1.1067
1.0744
1.0422
1.0104
0.9789
0.9481
0.918
0.8889
0.8346
0.8099
0.787
0.7665
0.7485
0.7334
0.7214
0.713
